k:100_n:200_sigma:10_iters:2
Printing log2 count distribution: 
0 -inf
0.005 2.31415
0.01 7.42427
0.015 10.6797
0.02 13.0252
0.025 14.7761
0.03 16.1419
0.035 17.3473
0.04 18.6126
0.045 19.9971
0.05 21.402
0.055 22.7446
0.06 24.0158
0.065 25.2464
0.07 26.471
0.075 27.7055
0.08 28.9452
0.085 30.1776
0.09 31.3947
0.095 32.5965
0.1 33.7878
0.105 34.9735
0.11 36.1561
0.115 37.3348
0.12 38.5076
0.125 39.6728
0.13 40.8301
0.135 41.9802
0.14 43.124
0.145 44.2621
0.15 45.3945
0.155 46.5208
0.16 47.6404
0.165 48.7531
0.17 49.8588
0.175 50.9575
0.18 52.0496
0.185 53.1348
0.19 54.2131
0.195 55.2843
0.2 56.348
0.205 57.4042
0.21 58.4527
0.215 59.4933
0.22 60.5261
0.225 61.5509
0.23 62.5674
0.235 63.5756
0.24 64.5751
0.245 65.5657
0.25 66.5473
0.255 67.5197
0.26 68.4827
0.265 69.436
0.27 70.3794
0.275 71.3128
0.28 72.2357
0.285 73.148
0.29 74.0493
0.295 74.9394
0.3 75.8179
0.305 76.6846
0.31 77.5391
0.315 78.381
0.32 79.21
0.325 80.0257
0.33 80.8277
0.335 81.6154
0.34 82.3884
0.345 83.1463
0.35 83.8885
0.355 84.6145
0.36 85.3237
0.365 86.0155
0.37 86.6892
0.375 87.3441
0.38 87.9795
0.385 88.5946
0.39 89.1887
0.395 89.761
0.4 90.3107
0.405 90.8373
0.41 91.3399
0.415 91.818
0.42 92.271
0.425 92.6985
0.43 93.0999
0.435 93.4749
0.44 93.8231
0.445 94.1443
0.45 94.4382
0.455 94.7046
0.46 94.9433
0.465 95.1541
0.47 95.3369
0.475 95.4917
0.48 95.6182
0.485 95.7165
0.49 95.7865
0.495 95.8281
0.5 95.8413
0.505 95.8259
0.51 95.7821
0.515 95.7097
0.52 95.6086
0.525 95.4789
0.53 95.3206
0.535 95.1334
0.54 94.9175
0.545 94.6727
0.55 94.399
0.555 94.0963
0.56 93.7646
0.565 93.4038
0.57 93.0138
0.575 92.5946
0.58 92.1459
0.585 91.6679
0.59 91.1603
0.595 90.623
0.6 90.0559
0.605 89.459
0.61 88.832
0.615 88.1749
0.62 87.4875
0.625 86.7696
0.63 86.0212
0.635 85.2419
0.64 84.4318
0.645 83.5905
0.65 82.7178
0.655 81.8137
0.66 80.8778
0.665 79.91
0.67 78.91
0.675 77.8776
0.68 76.8125
0.685 75.7145
0.69 74.5832
0.695 73.4185
0.7 72.2199
0.705 70.9873
0.71 69.7202
0.715 68.4183
0.72 67.0812
0.725 65.7087
0.73 64.3002
0.735 62.8554
0.74 61.3739
0.745 59.8552
0.75 58.2988
0.755 56.7042
0.76 55.071
0.765 53.3986
0.77 51.6864
0.775 49.9338
0.78 48.1403
0.785 46.3051
0.79 44.4276
0.795 42.507
0.8 40.5426
0.805 38.5336
0.81 36.4792
0.815 34.3784
0.82 32.2303
0.825 30.0339
0.83 27.7881
0.835 25.4919
0.84 23.144
0.845 20.7431
0.85 18.2879
0.855 15.7769
0.86 13.2086
0.865 10.5814
0.87 7.89332
0.875 5.14254
0.88 2.32697
0.885 -0.555674
0.89 -3.50785
0.895 -6.53223
0.9 -9.63177
0.905 -12.8097
0.91 -16.0695
0.915 -19.4153
0.92 -22.8514
0.925 -26.3828
0.93 -30.0151
0.935 -33.7546
0.94 -37.6088
0.945 -41.586
0.95 -45.6965
0.955 -49.952
0.96 -54.367
0.965 -58.9595
0.97 -63.752
0.975 -68.7744
0.98 -74.0672
0.985 -79.6892
0.99 -85.7336
0.995 -92.3702
1 -100.014
------------
