k:2048_n:4096_sigma:16_iters:3
Printing log2 count distribution: 
0 -inf
0.000244141 -21.3067
0.000488281 -21.3043
0.000732422 -21.302
0.000976562 -21.2996
0.0012207 -21.2973
0.00146484 -21.2949
0.00170898 -21.2926
0.00195312 -21.2902
0.00219727 -21.2879
0.00244141 -21.2855
0.00268555 -21.2832
0.00292969 -21.2808
0.00317383 -21.2785
0.00341797 -21.2761
0.00366211 -21.2737
0.00390625 -21.2714
0.00415039 -21.269
0.00439453 -21.2666
0.00463867 -21.2643
0.00488281 -21.2619
0.00512695 -21.2595
0.00537109 -21.2571
0.00561523 -21.2548
0.00585938 -21.2524
0.00610352 -21.25
0.00634766 -21.2476
0.0065918 -21.2452
0.00683594 -21.2429
0.00708008 -21.2405
0.00732422 -21.2381
0.00756836 -21.2357
0.0078125 -21.2333
0.00805664 -21.2309
0.00830078 -21.2285
0.00854492 -21.2261
0.00878906 -21.2237
0.0090332 -21.2213
0.00927734 -21.2189
0.00952148 -21.2165
0.00976562 -21.2141
0.0100098 -21.2117
0.0102539 -21.2093
0.010498 -21.2069
0.0107422 -21.2044
0.0109863 -21.202
0.0112305 -21.1996
0.0114746 -21.1972
0.0117188 -21.1948
0.0119629 -21.1923
0.012207 -21.1899
0.0124512 -21.1875
0.0126953 -21.1851
0.0129395 -21.1826
0.0131836 -21.1802
0.0134277 -21.1778
0.0136719 -21.1753
0.013916 -21.1729
0.0141602 -21.1705
0.0144043 -21.168
0.0146484 -21.1656
0.0148926 -21.1631
0.0151367 -21.1607
0.0153809 -21.1582
0.015625 -21.1558
0.0158691 -21.1533
0.0161133 -21.1509
0.0163574 -21.1484
0.0166016 -21.146
0.0168457 -21.1435
0.0170898 -21.141
0.017334 -21.1386
0.0175781 -21.1361
0.0178223 -21.1337
0.0180664 -21.1312
0.0183105 -21.1287
0.0185547 -21.1262
0.0187988 -21.1238
0.019043 -21.1213
0.0192871 -21.1188
0.0195312 -21.1163
0.0197754 -21.1138
0.0200195 -21.1114
0.0202637 -21.1089
0.0205078 -21.1064
0.020752 -21.1039
0.0209961 -21.1014
0.0212402 -21.0989
0.0214844 -21.0964
0.0217285 -21.0939
0.0219727 -21.0914
0.0222168 -21.0889
0.0224609 -21.0864
0.0227051 -21.0839
0.0229492 -21.0814
0.0231934 -21.0789
0.0234375 -21.0764
0.0236816 -21.0739
0.0239258 -21.0714
0.0241699 -21.0689
0.0244141 -21.0663
0.0246582 -21.0638
0.0249023 -21.0613
0.0251465 -21.0588
0.0253906 -21.0562
0.0256348 -21.0537
0.0258789 -21.0512
0.026123 -21.0487
0.0263672 -21.0461
0.0266113 -21.0436
0.0268555 -21.041
0.0270996 -21.0385
0.0273438 -21.036
0.0275879 -21.0334
0.027832 -21.0309
0.0280762 -21.0283
0.0283203 -21.0258
0.0285645 -21.0232
0.0288086 -21.0207
0.0290527 -21.0181
0.0292969 -21.0156
0.029541 -21.013
0.0297852 -21.0104
0.0300293 -21.0079
0.0302734 -21.0053
0.0305176 -21.0027
0.0307617 -21.0002
0.0310059 -20.9976
0.03125 -20.995
0.0314941 -20.9925
0.0317383 -20.9899
0.0319824 -20.9873
0.0322266 -20.9847
0.0324707 -20.9821
0.0327148 -20.9795
0.032959 -20.977
0.0332031 -20.9744
0.0334473 -20.9718
0.0336914 -20.9692
0.0339355 -20.9666
0.0341797 -20.964
0.0344238 -20.9614
0.034668 -20.9588
0.0349121 -20.9562
0.0351562 -20.9536
0.0354004 -20.951
0.0356445 -20.9484
0.0358887 -20.9458
0.0361328 -20.9431
0.036377 -20.9405
0.0366211 -20.9379
0.0368652 -20.9353
0.0371094 -20.9327
0.0373535 -20.93
0.0375977 -20.9274
0.0378418 -20.9248
0.0380859 -20.9221
0.0383301 -20.9195
0.0385742 -20.9169
0.0388184 -20.9142
0.0390625 -20.9116
0.0393066 -20.909
0.0395508 -20.9063
0.0397949 -20.9037
0.0400391 -20.901
0.0402832 -20.8984
0.0405273 -20.8957
0.0407715 -20.8931
0.0410156 -20.8904
0.0412598 -20.8877
0.0415039 -20.8851
0.041748 -20.8824
0.0419922 -20.8798
0.0422363 -20.8771
0.0424805 -20.8744
0.0427246 -20.8717
0.0429688 -20.8691
0.0432129 -20.8664
0.043457 -20.8637
0.0437012 -20.861
0.0439453 -20.8584
0.0441895 -20.8557
0.0444336 -20.853
0.0446777 -20.8503
0.0449219 -20.8476
0.045166 -20.8449
0.0454102 -20.8422
0.0456543 -20.8395
0.0458984 -20.8368
0.0461426 -20.8341
0.0463867 -20.8314
0.0466309 -20.8287
0.046875 -20.826
0.0471191 -20.8233
0.0473633 -20.8206
0.0476074 -20.8178
0.0478516 -20.8151
0.0480957 -20.8124
0.0483398 -20.8097
0.048584 -20.807
0.0488281 -20.8042
0.0490723 -20.8015
0.0493164 -20.7988
0.0495605 -20.796
0.0498047 -20.7933
0.0500488 -20.7906
0.050293 -20.7878
0.0505371 -20.7851
0.0507812 -20.7823
0.0510254 -20.7796
0.0512695 -20.7768
0.0515137 -20.7741
0.0517578 -20.7713
0.052002 -20.7686
0.0522461 -20.7658
0.0524902 -20.7631
0.0527344 -20.7603
0.0529785 -20.7575
0.0532227 -20.7548
0.0534668 -20.752
0.0537109 -20.7492
0.0539551 -20.7464
0.0541992 -20.7437
0.0544434 -20.7409
0.0546875 -20.7381
0.0549316 -20.7353
0.0551758 -20.7325
0.0554199 -20.7297
0.0556641 -20.7269
0.0559082 -20.7241
0.0561523 -20.7213
0.0563965 -20.7185
0.0566406 -20.7157
0.0568848 -20.7129
0.0571289 -20.7101
0.057373 -20.7073
0.0576172 -20.7045
0.0578613 -20.7017
0.0581055 -20.6989
0.0583496 -20.6961
0.0585938 -20.6932
0.0588379 -20.6904
0.059082 -20.6876
0.0593262 -20.6848
0.0595703 -20.6819
0.0598145 -20.6791
0.0600586 -20.6763
0.0603027 -20.6734
0.0605469 -20.6706
0.060791 -20.6678
0.0610352 -20.6649
0.0612793 -20.6621
0.0615234 -20.6592
0.0617676 -20.6564
0.0620117 -20.6535
0.0622559 -20.6506
0.0625 -20.6478
0.0627441 -20.6449
0.0629883 -20.6421
0.0632324 -20.6392
0.0634766 -20.6363
0.0637207 -20.6335
0.0639648 -20.6306
0.064209 -20.6277
0.0644531 -20.6248
0.0646973 -20.6219
0.0649414 -20.6191
0.0651855 -20.6162
0.0654297 -20.6133
0.0656738 -20.6104
0.065918 -20.6075
0.0661621 -20.6046
0.0664062 -20.6017
0.0666504 -20.5988
0.0668945 -20.5959
0.0671387 -20.593
0.0673828 -20.5901
0.067627 -20.5872
0.0678711 -20.5842
0.0681152 -20.5813
0.0683594 -20.5784
0.0686035 -20.5755
0.0688477 -20.5725
0.0690918 -20.5696
0.0693359 -20.5667
0.0695801 -20.5638
0.0698242 -20.5608
0.0700684 -20.5579
0.0703125 -20.5549
0.0705566 -20.552
0.0708008 -20.5491
0.0710449 -20.5461
0.0712891 -20.5432
0.0715332 -20.5402
0.0717773 -20.5372
0.0720215 -20.5343
0.0722656 -20.5313
0.0725098 -20.5284
0.0727539 -20.5254
0.072998 -20.5224
0.0732422 -20.5194
0.0734863 -20.5165
0.0737305 -20.5135
0.0739746 -20.5105
0.0742188 -20.5075
0.0744629 -20.5045
0.074707 -20.5015
0.0749512 -20.4986
0.0751953 -20.4956
0.0754395 -20.4926
0.0756836 -20.4896
0.0759277 -20.4866
0.0761719 -20.4836
0.076416 -20.4805
0.0766602 -20.4775
0.0769043 -20.4745
0.0771484 -20.4715
0.0773926 -20.4685
0.0776367 -20.4655
0.0778809 -20.4624
0.078125 -20.4594
0.0783691 -20.4564
0.0786133 -20.4534
0.0788574 -20.4503
0.0791016 -20.4473
0.0793457 -20.4442
0.0795898 -20.4412
0.079834 -20.4381
0.0800781 -20.4351
0.0803223 -20.432
0.0805664 -20.429
0.0808105 -20.4259
0.0810547 -20.4229
0.0812988 -20.4198
0.081543 -20.4167
0.0817871 -20.4137
0.0820312 -20.4106
0.0822754 -20.4075
0.0825195 -20.4044
0.0827637 -20.4014
0.0830078 -20.3983
0.083252 -20.3952
0.0834961 -20.3921
0.0837402 -20.389
0.0839844 -20.3859
0.0842285 -20.3828
0.0844727 -20.3797
0.0847168 -20.3766
0.0849609 -20.3735
0.0852051 -20.3704
0.0854492 -20.3673
0.0856934 -20.3642
0.0859375 -20.361
0.0861816 -20.3579
0.0864258 -20.3548
0.0866699 -20.3517
0.0869141 -20.3485
0.0871582 -20.3454
0.0874023 -20.3423
0.0876465 -20.3391
0.0878906 -20.336
0.0881348 -20.3329
0.0883789 -20.3297
0.088623 -20.3266
0.0888672 -20.3234
0.0891113 -20.3202
0.0893555 -20.3171
0.0895996 -20.3139
0.0898438 -20.3108
0.0900879 -20.3076
0.090332 -20.3044
0.0905762 -20.3012
0.0908203 -20.2981
0.0910645 -20.2949
0.0913086 -20.2917
0.0915527 -20.2885
0.0917969 -20.2853
0.092041 -20.2821
0.0922852 -20.2789
0.0925293 -20.2757
0.0927734 -20.2725
0.0930176 -20.2693
0.0932617 -20.2661
0.0935059 -20.2629
0.09375 -20.2597
0.0939941 -20.2565
0.0942383 -20.2532
0.0944824 -20.25
0.0947266 -20.2468
0.0949707 -20.2436
0.0952148 -20.2403
0.095459 -20.2371
0.0957031 -20.2339
0.0959473 -20.2306
0.0961914 -20.2274
0.0964355 -20.2241
0.0966797 -20.2209
0.0969238 -20.2176
0.097168 -20.2143
0.0974121 -20.2111
0.0976562 -20.2078
0.0979004 -20.2045
0.0981445 -20.2013
0.0983887 -20.198
0.0986328 -20.1947
0.098877 -20.1914
0.0991211 -20.1882
0.0993652 -20.1849
0.0996094 -20.1816
0.0998535 -20.1783
0.100098 -20.175
0.100342 -20.1717
0.100586 -20.1684
0.10083 -20.1651
0.101074 -20.1618
0.101318 -20.1584
0.101562 -20.1551
0.101807 -20.1518
0.102051 -20.1485
0.102295 -20.1451
0.102539 -20.1416
0.102783 -20.1376
0.103027 -20.1309
0.103271 -20.1127
0.103516 -20.0433
0.10376 -19.7705
0.104004 -18.9305
0.104248 -17.3231
0.104492 -15.275
0.104736 -13.087
0.10498 -10.8607
0.105225 -8.62071
0.105469 -6.37252
0.105713 -4.1174
0.105957 -1.85568
0.106201 0.412499
0.106445 2.68703
0.106689 4.96783
0.106934 7.2548
0.107178 9.54786
0.107422 11.8469
0.107666 14.1519
0.10791 16.4627
0.108154 18.7793
0.108398 21.1015
0.108643 23.4294
0.108887 25.7627
0.109131 28.1015
0.109375 30.4456
0.109619 32.7949
0.109863 35.1495
0.110107 37.5091
0.110352 39.8738
0.110596 42.2434
0.11084 44.6179
0.111084 46.9972
0.111328 49.3812
0.111572 51.7699
0.111816 54.1631
0.112061 56.5608
0.112305 58.9629
0.112549 61.3694
0.112793 63.7801
0.113037 66.1951
0.113281 68.6142
0.113525 71.0373
0.11377 73.4644
0.114014 75.8954
0.114258 78.3303
0.114502 80.7689
0.114746 83.2112
0.11499 85.6572
0.115234 88.1067
0.115479 90.5597
0.115723 93.0162
0.115967 95.476
0.116211 97.9391
0.116455 100.405
0.116699 102.875
0.116943 105.347
0.117188 107.823
0.117432 110.301
0.117676 112.783
0.11792 115.267
0.118164 117.754
0.118408 120.244
0.118652 122.736
0.118896 125.231
0.119141 127.728
0.119385 130.228
0.119629 132.731
0.119873 135.235
0.120117 137.742
0.120361 140.251
0.120605 142.762
0.12085 145.275
0.121094 147.791
0.121338 150.308
0.121582 152.827
0.121826 155.348
0.12207 157.871
0.122314 160.395
0.122559 162.921
0.122803 165.449
0.123047 167.978
0.123291 170.509
0.123535 173.041
0.123779 175.575
0.124023 178.11
0.124268 180.646
0.124512 183.183
0.124756 185.722
0.125 188.262
0.125244 190.803
0.125488 193.344
0.125732 195.887
0.125977 198.431
0.126221 200.975
0.126465 203.521
0.126709 206.067
0.126953 208.614
0.127197 211.161
0.127441 213.709
0.127686 216.258
0.12793 218.807
0.128174 221.357
0.128418 223.907
0.128662 226.457
0.128906 229.008
0.12915 231.559
0.129395 234.111
0.129639 236.662
0.129883 239.214
0.130127 241.766
0.130371 244.317
0.130615 246.869
0.130859 249.421
0.131104 251.973
0.131348 254.525
0.131592 257.076
0.131836 259.628
0.13208 262.179
0.132324 264.73
0.132568 267.28
0.132812 269.83
0.133057 272.38
0.133301 274.93
0.133545 277.479
0.133789 280.027
0.134033 282.576
0.134277 285.123
0.134521 287.67
0.134766 290.216
0.13501 292.762
0.135254 295.307
0.135498 297.851
0.135742 300.394
0.135986 302.937
0.13623 305.479
0.136475 308.02
0.136719 310.56
0.136963 313.099
0.137207 315.638
0.137451 318.175
0.137695 320.711
0.137939 323.247
0.138184 325.781
0.138428 328.314
0.138672 330.846
0.138916 333.377
0.13916 335.907
0.139404 338.435
0.139648 340.963
0.139893 343.489
0.140137 346.014
0.140381 348.537
0.140625 351.06
0.140869 353.581
0.141113 356.1
0.141357 358.619
0.141602 361.135
0.141846 363.651
0.14209 366.165
0.142334 368.677
0.142578 371.188
0.142822 373.698
0.143066 376.206
0.143311 378.712
0.143555 381.217
0.143799 383.72
0.144043 386.222
0.144287 388.722
0.144531 391.221
0.144775 393.717
0.14502 396.213
0.145264 398.706
0.145508 401.198
0.145752 403.688
0.145996 406.176
0.14624 408.663
0.146484 411.147
0.146729 413.63
0.146973 416.112
0.147217 418.591
0.147461 421.069
0.147705 423.544
0.147949 426.018
0.148193 428.49
0.148438 430.96
0.148682 433.429
0.148926 435.895
0.14917 438.359
0.149414 440.822
0.149658 443.282
0.149902 445.741
0.150146 448.198
0.150391 450.652
0.150635 453.105
0.150879 455.556
0.151123 458.005
0.151367 460.451
0.151611 462.896
0.151855 465.339
0.1521 467.779
0.152344 470.218
0.152588 472.654
0.152832 475.089
0.153076 477.521
0.15332 479.951
0.153564 482.38
0.153809 484.806
0.154053 487.23
0.154297 489.652
0.154541 492.071
0.154785 494.489
0.155029 496.905
0.155273 499.318
0.155518 501.729
0.155762 504.138
0.156006 506.545
0.15625 508.95
0.156494 511.353
0.156738 513.753
0.156982 516.151
0.157227 518.547
0.157471 520.941
0.157715 523.333
0.157959 525.722
0.158203 528.109
0.158447 530.494
0.158691 532.877
0.158936 535.258
0.15918 537.636
0.159424 540.012
0.159668 542.386
0.159912 544.758
0.160156 547.127
0.1604 549.494
0.160645 551.859
0.160889 554.222
0.161133 556.582
0.161377 558.941
0.161621 561.297
0.161865 563.65
0.162109 566.002
0.162354 568.351
0.162598 570.697
0.162842 573.042
0.163086 575.384
0.16333 577.724
0.163574 580.062
0.163818 582.397
0.164062 584.731
0.164307 587.061
0.164551 589.39
0.164795 591.716
0.165039 594.04
0.165283 596.362
0.165527 598.681
0.165771 600.998
0.166016 603.313
0.16626 605.626
0.166504 607.936
0.166748 610.244
0.166992 612.549
0.167236 614.853
0.16748 617.154
0.167725 619.452
0.167969 621.749
0.168213 624.043
0.168457 626.334
0.168701 628.624
0.168945 630.911
0.169189 633.196
0.169434 635.478
0.169678 637.758
0.169922 640.036
0.170166 642.312
0.17041 644.585
0.170654 646.856
0.170898 649.124
0.171143 651.391
0.171387 653.655
0.171631 655.916
0.171875 658.175
0.172119 660.432
0.172363 662.687
0.172607 664.94
0.172852 667.19
0.173096 669.437
0.17334 671.683
0.173584 673.926
0.173828 676.167
0.174072 678.405
0.174316 680.641
0.174561 682.875
0.174805 685.107
0.175049 687.336
0.175293 689.563
0.175537 691.787
0.175781 694.01
0.176025 696.23
0.17627 698.447
0.176514 700.663
0.176758 702.876
0.177002 705.086
0.177246 707.295
0.17749 709.501
0.177734 711.705
0.177979 713.906
0.178223 716.105
0.178467 718.302
0.178711 720.497
0.178955 722.689
0.179199 724.879
0.179443 727.067
0.179688 729.252
0.179932 731.435
0.180176 733.616
0.18042 735.795
0.180664 737.971
0.180908 740.145
0.181152 742.316
0.181396 744.486
0.181641 746.653
0.181885 748.817
0.182129 750.98
0.182373 753.14
0.182617 755.298
0.182861 757.453
0.183105 759.607
0.18335 761.758
0.183594 763.906
0.183838 766.053
0.184082 768.197
0.184326 770.339
0.18457 772.479
0.184814 774.616
0.185059 776.751
0.185303 778.884
0.185547 781.014
0.185791 783.143
0.186035 785.269
0.186279 787.392
0.186523 789.514
0.186768 791.633
0.187012 793.75
0.187256 795.865
0.1875 797.977
0.187744 800.087
0.187988 802.195
0.188232 804.301
0.188477 806.404
0.188721 808.505
0.188965 810.604
0.189209 812.701
0.189453 814.795
0.189697 816.887
0.189941 818.977
0.190186 821.065
0.19043 823.15
0.190674 825.234
0.190918 827.314
0.191162 829.393
0.191406 831.47
0.19165 833.544
0.191895 835.616
0.192139 837.686
0.192383 839.753
0.192627 841.818
0.192871 843.882
0.193115 845.942
0.193359 848.001
0.193604 850.057
0.193848 852.112
0.194092 854.164
0.194336 856.213
0.19458 858.261
0.194824 860.306
0.195068 862.349
0.195312 864.39
0.195557 866.429
0.195801 868.465
0.196045 870.5
0.196289 872.532
0.196533 874.562
0.196777 876.589
0.197021 878.615
0.197266 880.638
0.19751 882.659
0.197754 884.678
0.197998 886.695
0.198242 888.709
0.198486 890.722
0.19873 892.732
0.198975 894.74
0.199219 896.745
0.199463 898.749
0.199707 900.75
0.199951 902.75
0.200195 904.747
0.200439 906.741
0.200684 908.734
0.200928 910.725
0.201172 912.713
0.201416 914.699
0.20166 916.683
0.201904 918.665
0.202148 920.645
0.202393 922.622
0.202637 924.598
0.202881 926.571
0.203125 928.542
0.203369 930.511
0.203613 932.477
0.203857 934.442
0.204102 936.404
0.204346 938.365
0.20459 940.323
0.204834 942.279
0.205078 944.233
0.205322 946.184
0.205566 948.134
0.205811 950.081
0.206055 952.027
0.206299 953.97
0.206543 955.911
0.206787 957.85
0.207031 959.786
0.207275 961.721
0.20752 963.653
0.207764 965.584
0.208008 967.512
0.208252 969.438
0.208496 971.362
0.20874 973.284
0.208984 975.204
0.209229 977.121
0.209473 979.037
0.209717 980.95
0.209961 982.862
0.210205 984.771
0.210449 986.678
0.210693 988.583
0.210938 990.486
0.211182 992.386
0.211426 994.285
0.21167 996.182
0.211914 998.076
0.212158 999.968
0.212402 1001.86
0.212646 1003.75
0.212891 1005.63
0.213135 1007.52
0.213379 1009.4
0.213623 1011.28
0.213867 1013.16
0.214111 1015.03
0.214355 1016.91
0.2146 1018.78
0.214844 1020.65
0.215088 1022.51
0.215332 1024.38
0.215576 1026.24
0.21582 1028.1
0.216064 1029.96
0.216309 1031.82
0.216553 1033.67
0.216797 1035.53
0.217041 1037.38
0.217285 1039.23
0.217529 1041.07
0.217773 1042.92
0.218018 1044.76
0.218262 1046.6
0.218506 1048.44
0.21875 1050.28
0.218994 1052.11
0.219238 1053.94
0.219482 1055.77
0.219727 1057.6
0.219971 1059.43
0.220215 1061.25
0.220459 1063.07
0.220703 1064.89
0.220947 1066.71
0.221191 1068.53
0.221436 1070.34
0.22168 1072.15
0.221924 1073.96
0.222168 1075.77
0.222412 1077.58
0.222656 1079.38
0.2229 1081.18
0.223145 1082.98
0.223389 1084.78
0.223633 1086.57
0.223877 1088.37
0.224121 1090.16
0.224365 1091.95
0.224609 1093.74
0.224854 1095.52
0.225098 1097.3
0.225342 1099.09
0.225586 1100.87
0.22583 1102.64
0.226074 1104.42
0.226318 1106.19
0.226562 1107.96
0.226807 1109.73
0.227051 1111.5
0.227295 1113.27
0.227539 1115.03
0.227783 1116.79
0.228027 1118.55
0.228271 1120.31
0.228516 1122.06
0.22876 1123.82
0.229004 1125.57
0.229248 1127.32
0.229492 1129.06
0.229736 1130.81
0.22998 1132.55
0.230225 1134.29
0.230469 1136.03
0.230713 1137.77
0.230957 1139.51
0.231201 1141.24
0.231445 1142.97
0.231689 1144.7
0.231934 1146.43
0.232178 1148.16
0.232422 1149.88
0.232666 1151.6
0.23291 1153.32
0.233154 1155.04
0.233398 1156.75
0.233643 1158.47
0.233887 1160.18
0.234131 1161.89
0.234375 1163.6
0.234619 1165.3
0.234863 1167.01
0.235107 1168.71
0.235352 1170.41
0.235596 1172.11
0.23584 1173.81
0.236084 1175.5
0.236328 1177.19
0.236572 1178.88
0.236816 1180.57
0.237061 1182.26
0.237305 1183.94
0.237549 1185.62
0.237793 1187.31
0.238037 1188.98
0.238281 1190.66
0.238525 1192.34
0.23877 1194.01
0.239014 1195.68
0.239258 1197.35
0.239502 1199.02
0.239746 1200.68
0.23999 1202.34
0.240234 1204.01
0.240479 1205.66
0.240723 1207.32
0.240967 1208.98
0.241211 1210.63
0.241455 1212.28
0.241699 1213.93
0.241943 1215.58
0.242188 1217.23
0.242432 1218.87
0.242676 1220.51
0.24292 1222.15
0.243164 1223.79
0.243408 1225.43
0.243652 1227.06
0.243896 1228.7
0.244141 1230.33
0.244385 1231.95
0.244629 1233.58
0.244873 1235.21
0.245117 1236.83
0.245361 1238.45
0.245605 1240.07
0.24585 1241.69
0.246094 1243.3
0.246338 1244.92
0.246582 1246.53
0.246826 1248.14
0.24707 1249.75
0.247314 1251.35
0.247559 1252.96
0.247803 1254.56
0.248047 1256.16
0.248291 1257.76
0.248535 1259.35
0.248779 1260.95
0.249023 1262.54
0.249268 1264.13
0.249512 1265.72
0.249756 1267.31
0.25 1268.89
0.250244 1270.48
0.250488 1272.06
0.250732 1273.64
0.250977 1275.22
0.251221 1276.79
0.251465 1278.37
0.251709 1279.94
0.251953 1281.51
0.252197 1283.08
0.252441 1284.64
0.252686 1286.21
0.25293 1287.77
0.253174 1289.33
0.253418 1290.89
0.253662 1292.45
0.253906 1294
0.25415 1295.56
0.254395 1297.11
0.254639 1298.66
0.254883 1300.21
0.255127 1301.75
0.255371 1303.3
0.255615 1304.84
0.255859 1306.38
0.256104 1307.92
0.256348 1309.46
0.256592 1310.99
0.256836 1312.52
0.25708 1314.06
0.257324 1315.59
0.257568 1317.11
0.257812 1318.64
0.258057 1320.16
0.258301 1321.68
0.258545 1323.21
0.258789 1324.72
0.259033 1326.24
0.259277 1327.75
0.259521 1329.27
0.259766 1330.78
0.26001 1332.29
0.260254 1333.8
0.260498 1335.3
0.260742 1336.81
0.260986 1338.31
0.26123 1339.81
0.261475 1341.31
0.261719 1342.8
0.261963 1344.3
0.262207 1345.79
0.262451 1347.28
0.262695 1348.77
0.262939 1350.26
0.263184 1351.74
0.263428 1353.23
0.263672 1354.71
0.263916 1356.19
0.26416 1357.67
0.264404 1359.14
0.264648 1360.62
0.264893 1362.09
0.265137 1363.56
0.265381 1365.03
0.265625 1366.5
0.265869 1367.97
0.266113 1369.43
0.266357 1370.89
0.266602 1372.35
0.266846 1373.81
0.26709 1375.27
0.267334 1376.72
0.267578 1378.18
0.267822 1379.63
0.268066 1381.08
0.268311 1382.52
0.268555 1383.97
0.268799 1385.41
0.269043 1386.86
0.269287 1388.3
0.269531 1389.74
0.269775 1391.17
0.27002 1392.61
0.270264 1394.04
0.270508 1395.47
0.270752 1396.9
0.270996 1398.33
0.27124 1399.76
0.271484 1401.18
0.271729 1402.6
0.271973 1404.03
0.272217 1405.44
0.272461 1406.86
0.272705 1408.28
0.272949 1409.69
0.273193 1411.1
0.273438 1412.51
0.273682 1413.92
0.273926 1415.33
0.27417 1416.73
0.274414 1418.14
0.274658 1419.54
0.274902 1420.94
0.275146 1422.34
0.275391 1423.73
0.275635 1425.13
0.275879 1426.52
0.276123 1427.91
0.276367 1429.3
0.276611 1430.69
0.276855 1432.07
0.2771 1433.46
0.277344 1434.84
0.277588 1436.22
0.277832 1437.6
0.278076 1438.97
0.27832 1440.35
0.278564 1441.72
0.278809 1443.09
0.279053 1444.46
0.279297 1445.83
0.279541 1447.2
0.279785 1448.56
0.280029 1449.93
0.280273 1451.29
0.280518 1452.65
0.280762 1454
0.281006 1455.36
0.28125 1456.71
0.281494 1458.07
0.281738 1459.42
0.281982 1460.77
0.282227 1462.11
0.282471 1463.46
0.282715 1464.8
0.282959 1466.14
0.283203 1467.48
0.283447 1468.82
0.283691 1470.16
0.283936 1471.49
0.28418 1472.83
0.284424 1474.16
0.284668 1475.49
0.284912 1476.82
0.285156 1478.14
0.2854 1479.47
0.285645 1480.79
0.285889 1482.11
0.286133 1483.43
0.286377 1484.75
0.286621 1486.06
0.286865 1487.38
0.287109 1488.69
0.287354 1490
0.287598 1491.31
0.287842 1492.62
0.288086 1493.92
0.28833 1495.23
0.288574 1496.53
0.288818 1497.83
0.289062 1499.13
0.289307 1500.43
0.289551 1501.72
0.289795 1503.02
0.290039 1504.31
0.290283 1505.6
0.290527 1506.89
0.290771 1508.17
0.291016 1509.46
0.29126 1510.74
0.291504 1512.02
0.291748 1513.3
0.291992 1514.58
0.292236 1515.86
0.29248 1517.13
0.292725 1518.41
0.292969 1519.68
0.293213 1520.95
0.293457 1522.22
0.293701 1523.48
0.293945 1524.75
0.294189 1526.01
0.294434 1527.27
0.294678 1528.53
0.294922 1529.79
0.295166 1531.05
0.29541 1532.3
0.295654 1533.55
0.295898 1534.8
0.296143 1536.05
0.296387 1537.3
0.296631 1538.55
0.296875 1539.79
0.297119 1541.03
0.297363 1542.28
0.297607 1543.51
0.297852 1544.75
0.298096 1545.99
0.29834 1547.22
0.298584 1548.45
0.298828 1549.69
0.299072 1550.92
0.299316 1552.14
0.299561 1553.37
0.299805 1554.59
0.300049 1555.82
0.300293 1557.04
0.300537 1558.26
0.300781 1559.47
0.301025 1560.69
0.30127 1561.9
0.301514 1563.12
0.301758 1564.33
0.302002 1565.54
0.302246 1566.74
0.30249 1567.95
0.302734 1569.15
0.302979 1570.36
0.303223 1571.56
0.303467 1572.76
0.303711 1573.95
0.303955 1575.15
0.304199 1576.34
0.304443 1577.54
0.304688 1578.73
0.304932 1579.92
0.305176 1581.1
0.30542 1582.29
0.305664 1583.47
0.305908 1584.66
0.306152 1585.84
0.306396 1587.02
0.306641 1588.19
0.306885 1589.37
0.307129 1590.54
0.307373 1591.72
0.307617 1592.89
0.307861 1594.06
0.308105 1595.22
0.30835 1596.39
0.308594 1597.55
0.308838 1598.72
0.309082 1599.88
0.309326 1601.04
0.30957 1602.19
0.309814 1603.35
0.310059 1604.5
0.310303 1605.66
0.310547 1606.81
0.310791 1607.96
0.311035 1609.11
0.311279 1610.25
0.311523 1611.4
0.311768 1612.54
0.312012 1613.68
0.312256 1614.82
0.3125 1615.96
0.312744 1617.09
0.312988 1618.23
0.313232 1619.36
0.313477 1620.49
0.313721 1621.62
0.313965 1622.75
0.314209 1623.88
0.314453 1625
0.314697 1626.13
0.314941 1627.25
0.315186 1628.37
0.31543 1629.49
0.315674 1630.6
0.315918 1631.72
0.316162 1632.83
0.316406 1633.94
0.31665 1635.05
0.316895 1636.16
0.317139 1637.27
0.317383 1638.38
0.317627 1639.48
0.317871 1640.58
0.318115 1641.68
0.318359 1642.78
0.318604 1643.88
0.318848 1644.97
0.319092 1646.07
0.319336 1647.16
0.31958 1648.25
0.319824 1649.34
0.320068 1650.43
0.320312 1651.51
0.320557 1652.6
0.320801 1653.68
0.321045 1654.76
0.321289 1655.84
0.321533 1656.92
0.321777 1657.99
0.322021 1659.07
0.322266 1660.14
0.32251 1661.21
0.322754 1662.28
0.322998 1663.35
0.323242 1664.42
0.323486 1665.48
0.32373 1666.55
0.323975 1667.61
0.324219 1668.67
0.324463 1669.73
0.324707 1670.78
0.324951 1671.84
0.325195 1672.89
0.325439 1673.94
0.325684 1674.99
0.325928 1676.04
0.326172 1677.09
0.326416 1678.14
0.32666 1679.18
0.326904 1680.22
0.327148 1681.26
0.327393 1682.3
0.327637 1683.34
0.327881 1684.38
0.328125 1685.41
0.328369 1686.44
0.328613 1687.48
0.328857 1688.51
0.329102 1689.53
0.329346 1690.56
0.32959 1691.58
0.329834 1692.61
0.330078 1693.63
0.330322 1694.65
0.330566 1695.67
0.330811 1696.68
0.331055 1697.7
0.331299 1698.71
0.331543 1699.73
0.331787 1700.74
0.332031 1701.75
0.332275 1702.75
0.33252 1703.76
0.332764 1704.76
0.333008 1705.77
0.333252 1706.77
0.333496 1707.77
0.33374 1708.76
0.333984 1709.76
0.334229 1710.76
0.334473 1711.75
0.334717 1712.74
0.334961 1713.73
0.335205 1714.72
0.335449 1715.71
0.335693 1716.69
0.335938 1717.67
0.336182 1718.66
0.336426 1719.64
0.33667 1720.62
0.336914 1721.59
0.337158 1722.57
0.337402 1723.54
0.337646 1724.52
0.337891 1725.49
0.338135 1726.46
0.338379 1727.42
0.338623 1728.39
0.338867 1729.35
0.339111 1730.32
0.339355 1731.28
0.3396 1732.24
0.339844 1733.2
0.340088 1734.15
0.340332 1735.11
0.340576 1736.06
0.34082 1737.02
0.341064 1737.97
0.341309 1738.92
0.341553 1739.86
0.341797 1740.81
0.342041 1741.75
0.342285 1742.7
0.342529 1743.64
0.342773 1744.58
0.343018 1745.52
0.343262 1746.45
0.343506 1747.39
0.34375 1748.32
0.343994 1749.25
0.344238 1750.18
0.344482 1751.11
0.344727 1752.04
0.344971 1752.96
0.345215 1753.89
0.345459 1754.81
0.345703 1755.73
0.345947 1756.65
0.346191 1757.57
0.346436 1758.48
0.34668 1759.4
0.346924 1760.31
0.347168 1761.22
0.347412 1762.13
0.347656 1763.04
0.3479 1763.95
0.348145 1764.86
0.348389 1765.76
0.348633 1766.66
0.348877 1767.56
0.349121 1768.46
0.349365 1769.36
0.349609 1770.26
0.349854 1771.15
0.350098 1772.04
0.350342 1772.93
0.350586 1773.82
0.35083 1774.71
0.351074 1775.6
0.351318 1776.48
0.351562 1777.37
0.351807 1778.25
0.352051 1779.13
0.352295 1780.01
0.352539 1780.89
0.352783 1781.76
0.353027 1782.64
0.353271 1783.51
0.353516 1784.38
0.35376 1785.25
0.354004 1786.12
0.354248 1786.99
0.354492 1787.85
0.354736 1788.72
0.35498 1789.58
0.355225 1790.44
0.355469 1791.3
0.355713 1792.16
0.355957 1793.01
0.356201 1793.87
0.356445 1794.72
0.356689 1795.57
0.356934 1796.42
0.357178 1797.27
0.357422 1798.12
0.357666 1798.96
0.35791 1799.8
0.358154 1800.65
0.358398 1801.49
0.358643 1802.33
0.358887 1803.16
0.359131 1804
0.359375 1804.83
0.359619 1805.67
0.359863 1806.5
0.360107 1807.33
0.360352 1808.16
0.360596 1808.98
0.36084 1809.81
0.361084 1810.63
0.361328 1811.46
0.361572 1812.28
0.361816 1813.1
0.362061 1813.91
0.362305 1814.73
0.362549 1815.54
0.362793 1816.36
0.363037 1817.17
0.363281 1817.98
0.363525 1818.79
0.36377 1819.6
0.364014 1820.4
0.364258 1821.2
0.364502 1822.01
0.364746 1822.81
0.36499 1823.61
0.365234 1824.41
0.365479 1825.2
0.365723 1826
0.365967 1826.79
0.366211 1827.58
0.366455 1828.37
0.366699 1829.16
0.366943 1829.95
0.367188 1830.73
0.367432 1831.52
0.367676 1832.3
0.36792 1833.08
0.368164 1833.86
0.368408 1834.64
0.368652 1835.42
0.368896 1836.19
0.369141 1836.97
0.369385 1837.74
0.369629 1838.51
0.369873 1839.28
0.370117 1840.05
0.370361 1840.81
0.370605 1841.58
0.37085 1842.34
0.371094 1843.1
0.371338 1843.86
0.371582 1844.62
0.371826 1845.38
0.37207 1846.13
0.372314 1846.89
0.372559 1847.64
0.372803 1848.39
0.373047 1849.14
0.373291 1849.89
0.373535 1850.64
0.373779 1851.38
0.374023 1852.12
0.374268 1852.87
0.374512 1853.61
0.374756 1854.35
0.375 1855.08
0.375244 1855.82
0.375488 1856.55
0.375732 1857.29
0.375977 1858.02
0.376221 1858.75
0.376465 1859.48
0.376709 1860.2
0.376953 1860.93
0.377197 1861.65
0.377441 1862.38
0.377686 1863.1
0.37793 1863.82
0.378174 1864.53
0.378418 1865.25
0.378662 1865.97
0.378906 1866.68
0.37915 1867.39
0.379395 1868.1
0.379639 1868.81
0.379883 1869.52
0.380127 1870.22
0.380371 1870.93
0.380615 1871.63
0.380859 1872.33
0.381104 1873.03
0.381348 1873.73
0.381592 1874.43
0.381836 1875.12
0.38208 1875.82
0.382324 1876.51
0.382568 1877.2
0.382812 1877.89
0.383057 1878.58
0.383301 1879.27
0.383545 1879.95
0.383789 1880.64
0.384033 1881.32
0.384277 1882
0.384521 1882.68
0.384766 1883.36
0.38501 1884.03
0.385254 1884.71
0.385498 1885.38
0.385742 1886.05
0.385986 1886.72
0.38623 1887.39
0.386475 1888.06
0.386719 1888.72
0.386963 1889.39
0.387207 1890.05
0.387451 1890.71
0.387695 1891.37
0.387939 1892.03
0.388184 1892.69
0.388428 1893.34
0.388672 1894
0.388916 1894.65
0.38916 1895.3
0.389404 1895.95
0.389648 1896.6
0.389893 1897.25
0.390137 1897.89
0.390381 1898.53
0.390625 1899.18
0.390869 1899.82
0.391113 1900.46
0.391357 1901.09
0.391602 1901.73
0.391846 1902.36
0.39209 1903
0.392334 1903.63
0.392578 1904.26
0.392822 1904.89
0.393066 1905.52
0.393311 1906.14
0.393555 1906.77
0.393799 1907.39
0.394043 1908.01
0.394287 1908.63
0.394531 1909.25
0.394775 1909.87
0.39502 1910.48
0.395264 1911.1
0.395508 1911.71
0.395752 1912.32
0.395996 1912.93
0.39624 1913.54
0.396484 1914.14
0.396729 1914.75
0.396973 1915.35
0.397217 1915.96
0.397461 1916.56
0.397705 1917.16
0.397949 1917.75
0.398193 1918.35
0.398438 1918.94
0.398682 1919.54
0.398926 1920.13
0.39917 1920.72
0.399414 1921.31
0.399658 1921.9
0.399902 1922.48
0.400146 1923.07
0.400391 1923.65
0.400635 1924.23
0.400879 1924.81
0.401123 1925.39
0.401367 1925.97
0.401611 1926.55
0.401855 1927.12
0.4021 1927.69
0.402344 1928.26
0.402588 1928.83
0.402832 1929.4
0.403076 1929.97
0.40332 1930.54
0.403564 1931.1
0.403809 1931.66
0.404053 1932.22
0.404297 1932.78
0.404541 1933.34
0.404785 1933.9
0.405029 1934.45
0.405273 1935.01
0.405518 1935.56
0.405762 1936.11
0.406006 1936.66
0.40625 1937.21
0.406494 1937.76
0.406738 1938.3
0.406982 1938.84
0.407227 1939.39
0.407471 1939.93
0.407715 1940.47
0.407959 1941
0.408203 1941.54
0.408447 1942.08
0.408691 1942.61
0.408936 1943.14
0.40918 1943.67
0.409424 1944.2
0.409668 1944.73
0.409912 1945.25
0.410156 1945.78
0.4104 1946.3
0.410645 1946.82
0.410889 1947.35
0.411133 1947.86
0.411377 1948.38
0.411621 1948.9
0.411865 1949.41
0.412109 1949.93
0.412354 1950.44
0.412598 1950.95
0.412842 1951.46
0.413086 1951.96
0.41333 1952.47
0.413574 1952.97
0.413818 1953.48
0.414062 1953.98
0.414307 1954.48
0.414551 1954.98
0.414795 1955.47
0.415039 1955.97
0.415283 1956.46
0.415527 1956.96
0.415771 1957.45
0.416016 1957.94
0.41626 1958.43
0.416504 1958.91
0.416748 1959.4
0.416992 1959.88
0.417236 1960.37
0.41748 1960.85
0.417725 1961.33
0.417969 1961.8
0.418213 1962.28
0.418457 1962.76
0.418701 1963.23
0.418945 1963.7
0.419189 1964.17
0.419434 1964.64
0.419678 1965.11
0.419922 1965.58
0.420166 1966.04
0.42041 1966.51
0.420654 1966.97
0.420898 1967.43
0.421143 1967.89
0.421387 1968.35
0.421631 1968.81
0.421875 1969.26
0.422119 1969.71
0.422363 1970.17
0.422607 1970.62
0.422852 1971.07
0.423096 1971.52
0.42334 1971.96
0.423584 1972.41
0.423828 1972.85
0.424072 1973.29
0.424316 1973.73
0.424561 1974.17
0.424805 1974.61
0.425049 1975.05
0.425293 1975.48
0.425537 1975.92
0.425781 1976.35
0.426025 1976.78
0.42627 1977.21
0.426514 1977.64
0.426758 1978.06
0.427002 1978.49
0.427246 1978.91
0.42749 1979.33
0.427734 1979.75
0.427979 1980.17
0.428223 1980.59
0.428467 1981.01
0.428711 1981.42
0.428955 1981.83
0.429199 1982.25
0.429443 1982.66
0.429688 1983.07
0.429932 1983.47
0.430176 1983.88
0.43042 1984.28
0.430664 1984.69
0.430908 1985.09
0.431152 1985.49
0.431396 1985.89
0.431641 1986.29
0.431885 1986.68
0.432129 1987.08
0.432373 1987.47
0.432617 1987.86
0.432861 1988.25
0.433105 1988.64
0.43335 1989.03
0.433594 1989.42
0.433838 1989.8
0.434082 1990.18
0.434326 1990.57
0.43457 1990.95
0.434814 1991.32
0.435059 1991.7
0.435303 1992.08
0.435547 1992.45
0.435791 1992.83
0.436035 1993.2
0.436279 1993.57
0.436523 1993.94
0.436768 1994.3
0.437012 1994.67
0.437256 1995.04
0.4375 1995.4
0.437744 1995.76
0.437988 1996.12
0.438232 1996.48
0.438477 1996.84
0.438721 1997.19
0.438965 1997.55
0.439209 1997.9
0.439453 1998.25
0.439697 1998.6
0.439941 1998.95
0.440186 1999.3
0.44043 1999.65
0.440674 1999.99
0.440918 2000.33
0.441162 2000.67
0.441406 2001.01
0.44165 2001.35
0.441895 2001.69
0.442139 2002.03
0.442383 2002.36
0.442627 2002.7
0.442871 2003.03
0.443115 2003.36
0.443359 2003.69
0.443604 2004.01
0.443848 2004.34
0.444092 2004.66
0.444336 2004.99
0.44458 2005.31
0.444824 2005.63
0.445068 2005.95
0.445312 2006.27
0.445557 2006.58
0.445801 2006.9
0.446045 2007.21
0.446289 2007.52
0.446533 2007.83
0.446777 2008.14
0.447021 2008.45
0.447266 2008.75
0.44751 2009.06
0.447754 2009.36
0.447998 2009.66
0.448242 2009.96
0.448486 2010.26
0.44873 2010.56
0.448975 2010.86
0.449219 2011.15
0.449463 2011.45
0.449707 2011.74
0.449951 2012.03
0.450195 2012.32
0.450439 2012.6
0.450684 2012.89
0.450928 2013.18
0.451172 2013.46
0.451416 2013.74
0.45166 2014.02
0.451904 2014.3
0.452148 2014.58
0.452393 2014.85
0.452637 2015.13
0.452881 2015.4
0.453125 2015.67
0.453369 2015.94
0.453613 2016.21
0.453857 2016.48
0.454102 2016.75
0.454346 2017.01
0.45459 2017.28
0.454834 2017.54
0.455078 2017.8
0.455322 2018.06
0.455566 2018.32
0.455811 2018.57
0.456055 2018.83
0.456299 2019.08
0.456543 2019.33
0.456787 2019.58
0.457031 2019.83
0.457275 2020.08
0.45752 2020.33
0.457764 2020.57
0.458008 2020.81
0.458252 2021.06
0.458496 2021.3
0.45874 2021.54
0.458984 2021.77
0.459229 2022.01
0.459473 2022.25
0.459717 2022.48
0.459961 2022.71
0.460205 2022.94
0.460449 2023.17
0.460693 2023.4
0.460938 2023.63
0.461182 2023.85
0.461426 2024.08
0.46167 2024.3
0.461914 2024.52
0.462158 2024.74
0.462402 2024.96
0.462646 2025.17
0.462891 2025.39
0.463135 2025.6
0.463379 2025.81
0.463623 2026.02
0.463867 2026.23
0.464111 2026.44
0.464355 2026.65
0.4646 2026.85
0.464844 2027.06
0.465088 2027.26
0.465332 2027.46
0.465576 2027.66
0.46582 2027.86
0.466064 2028.06
0.466309 2028.25
0.466553 2028.45
0.466797 2028.64
0.467041 2028.83
0.467285 2029.02
0.467529 2029.21
0.467773 2029.39
0.468018 2029.58
0.468262 2029.76
0.468506 2029.95
0.46875 2030.13
0.468994 2030.31
0.469238 2030.49
0.469482 2030.66
0.469727 2030.84
0.469971 2031.01
0.470215 2031.19
0.470459 2031.36
0.470703 2031.53
0.470947 2031.7
0.471191 2031.86
0.471436 2032.03
0.47168 2032.19
0.471924 2032.36
0.472168 2032.52
0.472412 2032.68
0.472656 2032.84
0.4729 2032.99
0.473145 2033.15
0.473389 2033.3
0.473633 2033.46
0.473877 2033.61
0.474121 2033.76
0.474365 2033.91
0.474609 2034.05
0.474854 2034.2
0.475098 2034.34
0.475342 2034.49
0.475586 2034.63
0.47583 2034.77
0.476074 2034.91
0.476318 2035.05
0.476562 2035.18
0.476807 2035.32
0.477051 2035.45
0.477295 2035.58
0.477539 2035.71
0.477783 2035.84
0.478027 2035.97
0.478271 2036.09
0.478516 2036.22
0.47876 2036.34
0.479004 2036.46
0.479248 2036.58
0.479492 2036.7
0.479736 2036.82
0.47998 2036.94
0.480225 2037.05
0.480469 2037.17
0.480713 2037.28
0.480957 2037.39
0.481201 2037.5
0.481445 2037.61
0.481689 2037.71
0.481934 2037.82
0.482178 2037.92
0.482422 2038.02
0.482666 2038.12
0.48291 2038.22
0.483154 2038.32
0.483398 2038.42
0.483643 2038.51
0.483887 2038.61
0.484131 2038.7
0.484375 2038.79
0.484619 2038.88
0.484863 2038.97
0.485107 2039.05
0.485352 2039.14
0.485596 2039.22
0.48584 2039.3
0.486084 2039.39
0.486328 2039.47
0.486572 2039.54
0.486816 2039.62
0.487061 2039.7
0.487305 2039.77
0.487549 2039.84
0.487793 2039.91
0.488037 2039.98
0.488281 2040.05
0.488525 2040.12
0.48877 2040.18
0.489014 2040.25
0.489258 2040.31
0.489502 2040.37
0.489746 2040.43
0.48999 2040.49
0.490234 2040.55
0.490479 2040.6
0.490723 2040.66
0.490967 2040.71
0.491211 2040.76
0.491455 2040.81
0.491699 2040.86
0.491943 2040.91
0.492188 2040.95
0.492432 2041
0.492676 2041.04
0.49292 2041.08
0.493164 2041.12
0.493408 2041.16
0.493652 2041.2
0.493896 2041.23
0.494141 2041.27
0.494385 2041.3
0.494629 2041.33
0.494873 2041.36
0.495117 2041.39
0.495361 2041.42
0.495605 2041.45
0.49585 2041.47
0.496094 2041.49
0.496338 2041.52
0.496582 2041.54
0.496826 2041.56
0.49707 2041.57
0.497314 2041.59
0.497559 2041.6
0.497803 2041.62
0.498047 2041.63
0.498291 2041.64
0.498535 2041.65
0.498779 2041.66
0.499023 2041.66
0.499268 2041.67
0.499512 2041.67
0.499756 2041.67
0.5 2041.67
0.500244 2041.67
0.500488 2041.67
0.500732 2041.67
0.500977 2041.66
0.501221 2041.66
0.501465 2041.65
0.501709 2041.64
0.501953 2041.63
0.502197 2041.62
0.502441 2041.6
0.502686 2041.59
0.50293 2041.57
0.503174 2041.56
0.503418 2041.54
0.503662 2041.52
0.503906 2041.49
0.50415 2041.47
0.504395 2041.45
0.504639 2041.42
0.504883 2041.39
0.505127 2041.36
0.505371 2041.33
0.505615 2041.3
0.505859 2041.27
0.506104 2041.23
0.506348 2041.2
0.506592 2041.16
0.506836 2041.12
0.50708 2041.08
0.507324 2041.04
0.507568 2041
0.507812 2040.95
0.508057 2040.91
0.508301 2040.86
0.508545 2040.81
0.508789 2040.76
0.509033 2040.71
0.509277 2040.66
0.509521 2040.6
0.509766 2040.55
0.51001 2040.49
0.510254 2040.43
0.510498 2040.37
0.510742 2040.31
0.510986 2040.25
0.51123 2040.18
0.511475 2040.12
0.511719 2040.05
0.511963 2039.98
0.512207 2039.91
0.512451 2039.84
0.512695 2039.77
0.512939 2039.7
0.513184 2039.62
0.513428 2039.54
0.513672 2039.47
0.513916 2039.39
0.51416 2039.3
0.514404 2039.22
0.514648 2039.14
0.514893 2039.05
0.515137 2038.97
0.515381 2038.88
0.515625 2038.79
0.515869 2038.7
0.516113 2038.61
0.516357 2038.51
0.516602 2038.42
0.516846 2038.32
0.51709 2038.22
0.517334 2038.12
0.517578 2038.02
0.517822 2037.92
0.518066 2037.82
0.518311 2037.71
0.518555 2037.61
0.518799 2037.5
0.519043 2037.39
0.519287 2037.28
0.519531 2037.17
0.519775 2037.05
0.52002 2036.94
0.520264 2036.82
0.520508 2036.7
0.520752 2036.58
0.520996 2036.46
0.52124 2036.34
0.521484 2036.22
0.521729 2036.09
0.521973 2035.97
0.522217 2035.84
0.522461 2035.71
0.522705 2035.58
0.522949 2035.45
0.523193 2035.32
0.523438 2035.18
0.523682 2035.05
0.523926 2034.91
0.52417 2034.77
0.524414 2034.63
0.524658 2034.49
0.524902 2034.34
0.525146 2034.2
0.525391 2034.05
0.525635 2033.91
0.525879 2033.76
0.526123 2033.61
0.526367 2033.46
0.526611 2033.3
0.526855 2033.15
0.5271 2032.99
0.527344 2032.84
0.527588 2032.68
0.527832 2032.52
0.528076 2032.36
0.52832 2032.19
0.528564 2032.03
0.528809 2031.86
0.529053 2031.7
0.529297 2031.53
0.529541 2031.36
0.529785 2031.19
0.530029 2031.01
0.530273 2030.84
0.530518 2030.66
0.530762 2030.49
0.531006 2030.31
0.53125 2030.13
0.531494 2029.95
0.531738 2029.76
0.531982 2029.58
0.532227 2029.39
0.532471 2029.21
0.532715 2029.02
0.532959 2028.83
0.533203 2028.64
0.533447 2028.45
0.533691 2028.25
0.533936 2028.06
0.53418 2027.86
0.534424 2027.66
0.534668 2027.46
0.534912 2027.26
0.535156 2027.06
0.5354 2026.85
0.535645 2026.65
0.535889 2026.44
0.536133 2026.23
0.536377 2026.02
0.536621 2025.81
0.536865 2025.6
0.537109 2025.39
0.537354 2025.17
0.537598 2024.96
0.537842 2024.74
0.538086 2024.52
0.53833 2024.3
0.538574 2024.08
0.538818 2023.85
0.539062 2023.63
0.539307 2023.4
0.539551 2023.17
0.539795 2022.94
0.540039 2022.71
0.540283 2022.48
0.540527 2022.25
0.540771 2022.01
0.541016 2021.77
0.54126 2021.54
0.541504 2021.3
0.541748 2021.06
0.541992 2020.81
0.542236 2020.57
0.54248 2020.33
0.542725 2020.08
0.542969 2019.83
0.543213 2019.58
0.543457 2019.33
0.543701 2019.08
0.543945 2018.83
0.544189 2018.57
0.544434 2018.32
0.544678 2018.06
0.544922 2017.8
0.545166 2017.54
0.54541 2017.28
0.545654 2017.01
0.545898 2016.75
0.546143 2016.48
0.546387 2016.21
0.546631 2015.94
0.546875 2015.67
0.547119 2015.4
0.547363 2015.13
0.547607 2014.85
0.547852 2014.58
0.548096 2014.3
0.54834 2014.02
0.548584 2013.74
0.548828 2013.46
0.549072 2013.18
0.549316 2012.89
0.549561 2012.6
0.549805 2012.32
0.550049 2012.03
0.550293 2011.74
0.550537 2011.45
0.550781 2011.15
0.551025 2010.86
0.55127 2010.56
0.551514 2010.26
0.551758 2009.96
0.552002 2009.66
0.552246 2009.36
0.55249 2009.06
0.552734 2008.75
0.552979 2008.45
0.553223 2008.14
0.553467 2007.83
0.553711 2007.52
0.553955 2007.21
0.554199 2006.9
0.554443 2006.58
0.554688 2006.27
0.554932 2005.95
0.555176 2005.63
0.55542 2005.31
0.555664 2004.99
0.555908 2004.66
0.556152 2004.34
0.556396 2004.01
0.556641 2003.69
0.556885 2003.36
0.557129 2003.03
0.557373 2002.7
0.557617 2002.36
0.557861 2002.03
0.558105 2001.69
0.55835 2001.35
0.558594 2001.01
0.558838 2000.67
0.559082 2000.33
0.559326 1999.99
0.55957 1999.65
0.559814 1999.3
0.560059 1998.95
0.560303 1998.6
0.560547 1998.25
0.560791 1997.9
0.561035 1997.55
0.561279 1997.19
0.561523 1996.84
0.561768 1996.48
0.562012 1996.12
0.562256 1995.76
0.5625 1995.4
0.562744 1995.04
0.562988 1994.67
0.563232 1994.3
0.563477 1993.94
0.563721 1993.57
0.563965 1993.2
0.564209 1992.83
0.564453 1992.45
0.564697 1992.08
0.564941 1991.7
0.565186 1991.32
0.56543 1990.95
0.565674 1990.57
0.565918 1990.18
0.566162 1989.8
0.566406 1989.42
0.56665 1989.03
0.566895 1988.64
0.567139 1988.25
0.567383 1987.86
0.567627 1987.47
0.567871 1987.08
0.568115 1986.68
0.568359 1986.29
0.568604 1985.89
0.568848 1985.49
0.569092 1985.09
0.569336 1984.69
0.56958 1984.28
0.569824 1983.88
0.570068 1983.47
0.570312 1983.07
0.570557 1982.66
0.570801 1982.25
0.571045 1981.83
0.571289 1981.42
0.571533 1981.01
0.571777 1980.59
0.572021 1980.17
0.572266 1979.75
0.57251 1979.33
0.572754 1978.91
0.572998 1978.49
0.573242 1978.06
0.573486 1977.64
0.57373 1977.21
0.573975 1976.78
0.574219 1976.35
0.574463 1975.92
0.574707 1975.48
0.574951 1975.05
0.575195 1974.61
0.575439 1974.17
0.575684 1973.73
0.575928 1973.29
0.576172 1972.85
0.576416 1972.41
0.57666 1971.96
0.576904 1971.52
0.577148 1971.07
0.577393 1970.62
0.577637 1970.17
0.577881 1969.71
0.578125 1969.26
0.578369 1968.81
0.578613 1968.35
0.578857 1967.89
0.579102 1967.43
0.579346 1966.97
0.57959 1966.51
0.579834 1966.04
0.580078 1965.58
0.580322 1965.11
0.580566 1964.64
0.580811 1964.17
0.581055 1963.7
0.581299 1963.23
0.581543 1962.76
0.581787 1962.28
0.582031 1961.8
0.582275 1961.33
0.58252 1960.85
0.582764 1960.37
0.583008 1959.88
0.583252 1959.4
0.583496 1958.91
0.58374 1958.43
0.583984 1957.94
0.584229 1957.45
0.584473 1956.96
0.584717 1956.46
0.584961 1955.97
0.585205 1955.47
0.585449 1954.98
0.585693 1954.48
0.585938 1953.98
0.586182 1953.48
0.586426 1952.97
0.58667 1952.47
0.586914 1951.96
0.587158 1951.46
0.587402 1950.95
0.587646 1950.44
0.587891 1949.93
0.588135 1949.41
0.588379 1948.9
0.588623 1948.38
0.588867 1947.86
0.589111 1947.35
0.589355 1946.82
0.5896 1946.3
0.589844 1945.78
0.590088 1945.25
0.590332 1944.73
0.590576 1944.2
0.59082 1943.67
0.591064 1943.14
0.591309 1942.61
0.591553 1942.08
0.591797 1941.54
0.592041 1941
0.592285 1940.47
0.592529 1939.93
0.592773 1939.39
0.593018 1938.84
0.593262 1938.3
0.593506 1937.76
0.59375 1937.21
0.593994 1936.66
0.594238 1936.11
0.594482 1935.56
0.594727 1935.01
0.594971 1934.45
0.595215 1933.9
0.595459 1933.34
0.595703 1932.78
0.595947 1932.22
0.596191 1931.66
0.596436 1931.1
0.59668 1930.54
0.596924 1929.97
0.597168 1929.4
0.597412 1928.83
0.597656 1928.26
0.5979 1927.69
0.598145 1927.12
0.598389 1926.55
0.598633 1925.97
0.598877 1925.39
0.599121 1924.81
0.599365 1924.23
0.599609 1923.65
0.599854 1923.07
0.600098 1922.48
0.600342 1921.9
0.600586 1921.31
0.60083 1920.72
0.601074 1920.13
0.601318 1919.54
0.601562 1918.94
0.601807 1918.35
0.602051 1917.75
0.602295 1917.16
0.602539 1916.56
0.602783 1915.96
0.603027 1915.35
0.603271 1914.75
0.603516 1914.14
0.60376 1913.54
0.604004 1912.93
0.604248 1912.32
0.604492 1911.71
0.604736 1911.1
0.60498 1910.48
0.605225 1909.87
0.605469 1909.25
0.605713 1908.63
0.605957 1908.01
0.606201 1907.39
0.606445 1906.77
0.606689 1906.14
0.606934 1905.52
0.607178 1904.89
0.607422 1904.26
0.607666 1903.63
0.60791 1903
0.608154 1902.36
0.608398 1901.73
0.608643 1901.09
0.608887 1900.46
0.609131 1899.82
0.609375 1899.18
0.609619 1898.53
0.609863 1897.89
0.610107 1897.25
0.610352 1896.6
0.610596 1895.95
0.61084 1895.3
0.611084 1894.65
0.611328 1894
0.611572 1893.34
0.611816 1892.69
0.612061 1892.03
0.612305 1891.37
0.612549 1890.71
0.612793 1890.05
0.613037 1889.39
0.613281 1888.72
0.613525 1888.06
0.61377 1887.39
0.614014 1886.72
0.614258 1886.05
0.614502 1885.38
0.614746 1884.71
0.61499 1884.03
0.615234 1883.36
0.615479 1882.68
0.615723 1882
0.615967 1881.32
0.616211 1880.64
0.616455 1879.95
0.616699 1879.27
0.616943 1878.58
0.617188 1877.89
0.617432 1877.2
0.617676 1876.51
0.61792 1875.82
0.618164 1875.12
0.618408 1874.43
0.618652 1873.73
0.618896 1873.03
0.619141 1872.33
0.619385 1871.63
0.619629 1870.93
0.619873 1870.22
0.620117 1869.52
0.620361 1868.81
0.620605 1868.1
0.62085 1867.39
0.621094 1866.68
0.621338 1865.97
0.621582 1865.25
0.621826 1864.53
0.62207 1863.82
0.622314 1863.1
0.622559 1862.38
0.622803 1861.65
0.623047 1860.93
0.623291 1860.2
0.623535 1859.48
0.623779 1858.75
0.624023 1858.02
0.624268 1857.29
0.624512 1856.55
0.624756 1855.82
0.625 1855.08
0.625244 1854.35
0.625488 1853.61
0.625732 1852.87
0.625977 1852.12
0.626221 1851.38
0.626465 1850.64
0.626709 1849.89
0.626953 1849.14
0.627197 1848.39
0.627441 1847.64
0.627686 1846.89
0.62793 1846.13
0.628174 1845.38
0.628418 1844.62
0.628662 1843.86
0.628906 1843.1
0.62915 1842.34
0.629395 1841.58
0.629639 1840.81
0.629883 1840.05
0.630127 1839.28
0.630371 1838.51
0.630615 1837.74
0.630859 1836.97
0.631104 1836.19
0.631348 1835.42
0.631592 1834.64
0.631836 1833.86
0.63208 1833.08
0.632324 1832.3
0.632568 1831.52
0.632812 1830.73
0.633057 1829.95
0.633301 1829.16
0.633545 1828.37
0.633789 1827.58
0.634033 1826.79
0.634277 1826
0.634521 1825.2
0.634766 1824.41
0.63501 1823.61
0.635254 1822.81
0.635498 1822.01
0.635742 1821.2
0.635986 1820.4
0.63623 1819.6
0.636475 1818.79
0.636719 1817.98
0.636963 1817.17
0.637207 1816.36
0.637451 1815.54
0.637695 1814.73
0.637939 1813.91
0.638184 1813.1
0.638428 1812.28
0.638672 1811.46
0.638916 1810.63
0.63916 1809.81
0.639404 1808.98
0.639648 1808.16
0.639893 1807.33
0.640137 1806.5
0.640381 1805.67
0.640625 1804.83
0.640869 1804
0.641113 1803.16
0.641357 1802.33
0.641602 1801.49
0.641846 1800.65
0.64209 1799.8
0.642334 1798.96
0.642578 1798.12
0.642822 1797.27
0.643066 1796.42
0.643311 1795.57
0.643555 1794.72
0.643799 1793.87
0.644043 1793.01
0.644287 1792.16
0.644531 1791.3
0.644775 1790.44
0.64502 1789.58
0.645264 1788.72
0.645508 1787.85
0.645752 1786.99
0.645996 1786.12
0.64624 1785.25
0.646484 1784.38
0.646729 1783.51
0.646973 1782.64
0.647217 1781.76
0.647461 1780.89
0.647705 1780.01
0.647949 1779.13
0.648193 1778.25
0.648438 1777.37
0.648682 1776.48
0.648926 1775.6
0.64917 1774.71
0.649414 1773.82
0.649658 1772.93
0.649902 1772.04
0.650146 1771.15
0.650391 1770.26
0.650635 1769.36
0.650879 1768.46
0.651123 1767.56
0.651367 1766.66
0.651611 1765.76
0.651855 1764.86
0.6521 1763.95
0.652344 1763.04
0.652588 1762.13
0.652832 1761.22
0.653076 1760.31
0.65332 1759.4
0.653564 1758.48
0.653809 1757.57
0.654053 1756.65
0.654297 1755.73
0.654541 1754.81
0.654785 1753.89
0.655029 1752.96
0.655273 1752.04
0.655518 1751.11
0.655762 1750.18
0.656006 1749.25
0.65625 1748.32
0.656494 1747.39
0.656738 1746.45
0.656982 1745.52
0.657227 1744.58
0.657471 1743.64
0.657715 1742.7
0.657959 1741.75
0.658203 1740.81
0.658447 1739.86
0.658691 1738.92
0.658936 1737.97
0.65918 1737.02
0.659424 1736.06
0.659668 1735.11
0.659912 1734.15
0.660156 1733.2
0.6604 1732.24
0.660645 1731.28
0.660889 1730.32
0.661133 1729.35
0.661377 1728.39
0.661621 1727.42
0.661865 1726.46
0.662109 1725.49
0.662354 1724.52
0.662598 1723.54
0.662842 1722.57
0.663086 1721.59
0.66333 1720.62
0.663574 1719.64
0.663818 1718.66
0.664062 1717.67
0.664307 1716.69
0.664551 1715.71
0.664795 1714.72
0.665039 1713.73
0.665283 1712.74
0.665527 1711.75
0.665771 1710.76
0.666016 1709.76
0.66626 1708.76
0.666504 1707.77
0.666748 1706.77
0.666992 1705.77
0.667236 1704.76
0.66748 1703.76
0.667725 1702.75
0.667969 1701.75
0.668213 1700.74
0.668457 1699.73
0.668701 1698.71
0.668945 1697.7
0.669189 1696.68
0.669434 1695.67
0.669678 1694.65
0.669922 1693.63
0.670166 1692.61
0.67041 1691.58
0.670654 1690.56
0.670898 1689.53
0.671143 1688.51
0.671387 1687.48
0.671631 1686.44
0.671875 1685.41
0.672119 1684.38
0.672363 1683.34
0.672607 1682.3
0.672852 1681.26
0.673096 1680.22
0.67334 1679.18
0.673584 1678.14
0.673828 1677.09
0.674072 1676.04
0.674316 1674.99
0.674561 1673.94
0.674805 1672.89
0.675049 1671.84
0.675293 1670.78
0.675537 1669.73
0.675781 1668.67
0.676025 1667.61
0.67627 1666.55
0.676514 1665.48
0.676758 1664.42
0.677002 1663.35
0.677246 1662.28
0.67749 1661.21
0.677734 1660.14
0.677979 1659.07
0.678223 1657.99
0.678467 1656.92
0.678711 1655.84
0.678955 1654.76
0.679199 1653.68
0.679443 1652.6
0.679688 1651.51
0.679932 1650.43
0.680176 1649.34
0.68042 1648.25
0.680664 1647.16
0.680908 1646.07
0.681152 1644.97
0.681396 1643.88
0.681641 1642.78
0.681885 1641.68
0.682129 1640.58
0.682373 1639.48
0.682617 1638.38
0.682861 1637.27
0.683105 1636.16
0.68335 1635.05
0.683594 1633.94
0.683838 1632.83
0.684082 1631.72
0.684326 1630.6
0.68457 1629.49
0.684814 1628.37
0.685059 1627.25
0.685303 1626.13
0.685547 1625
0.685791 1623.88
0.686035 1622.75
0.686279 1621.62
0.686523 1620.49
0.686768 1619.36
0.687012 1618.23
0.687256 1617.09
0.6875 1615.96
0.687744 1614.82
0.687988 1613.68
0.688232 1612.54
0.688477 1611.4
0.688721 1610.25
0.688965 1609.11
0.689209 1607.96
0.689453 1606.81
0.689697 1605.66
0.689941 1604.5
0.690186 1603.35
0.69043 1602.19
0.690674 1601.04
0.690918 1599.88
0.691162 1598.72
0.691406 1597.55
0.69165 1596.39
0.691895 1595.22
0.692139 1594.06
0.692383 1592.89
0.692627 1591.72
0.692871 1590.54
0.693115 1589.37
0.693359 1588.19
0.693604 1587.02
0.693848 1585.84
0.694092 1584.66
0.694336 1583.47
0.69458 1582.29
0.694824 1581.1
0.695068 1579.92
0.695312 1578.73
0.695557 1577.54
0.695801 1576.34
0.696045 1575.15
0.696289 1573.95
0.696533 1572.76
0.696777 1571.56
0.697021 1570.36
0.697266 1569.15
0.69751 1567.95
0.697754 1566.74
0.697998 1565.54
0.698242 1564.33
0.698486 1563.12
0.69873 1561.9
0.698975 1560.69
0.699219 1559.47
0.699463 1558.26
0.699707 1557.04
0.699951 1555.82
0.700195 1554.59
0.700439 1553.37
0.700684 1552.14
0.700928 1550.92
0.701172 1549.69
0.701416 1548.45
0.70166 1547.22
0.701904 1545.99
0.702148 1544.75
0.702393 1543.51
0.702637 1542.28
0.702881 1541.03
0.703125 1539.79
0.703369 1538.55
0.703613 1537.3
0.703857 1536.05
0.704102 1534.8
0.704346 1533.55
0.70459 1532.3
0.704834 1531.05
0.705078 1529.79
0.705322 1528.53
0.705566 1527.27
0.705811 1526.01
0.706055 1524.75
0.706299 1523.48
0.706543 1522.22
0.706787 1520.95
0.707031 1519.68
0.707275 1518.41
0.70752 1517.13
0.707764 1515.86
0.708008 1514.58
0.708252 1513.3
0.708496 1512.02
0.70874 1510.74
0.708984 1509.46
0.709229 1508.17
0.709473 1506.89
0.709717 1505.6
0.709961 1504.31
0.710205 1503.02
0.710449 1501.72
0.710693 1500.43
0.710938 1499.13
0.711182 1497.83
0.711426 1496.53
0.71167 1495.23
0.711914 1493.92
0.712158 1492.62
0.712402 1491.31
0.712646 1490
0.712891 1488.69
0.713135 1487.38
0.713379 1486.06
0.713623 1484.75
0.713867 1483.43
0.714111 1482.11
0.714355 1480.79
0.7146 1479.47
0.714844 1478.14
0.715088 1476.82
0.715332 1475.49
0.715576 1474.16
0.71582 1472.83
0.716064 1471.49
0.716309 1470.16
0.716553 1468.82
0.716797 1467.48
0.717041 1466.14
0.717285 1464.8
0.717529 1463.46
0.717773 1462.11
0.718018 1460.77
0.718262 1459.42
0.718506 1458.07
0.71875 1456.71
0.718994 1455.36
0.719238 1454
0.719482 1452.65
0.719727 1451.29
0.719971 1449.93
0.720215 1448.56
0.720459 1447.2
0.720703 1445.83
0.720947 1444.46
0.721191 1443.09
0.721436 1441.72
0.72168 1440.35
0.721924 1438.97
0.722168 1437.6
0.722412 1436.22
0.722656 1434.84
0.7229 1433.46
0.723145 1432.07
0.723389 1430.69
0.723633 1429.3
0.723877 1427.91
0.724121 1426.52
0.724365 1425.13
0.724609 1423.73
0.724854 1422.34
0.725098 1420.94
0.725342 1419.54
0.725586 1418.14
0.72583 1416.73
0.726074 1415.33
0.726318 1413.92
0.726562 1412.51
0.726807 1411.1
0.727051 1409.69
0.727295 1408.28
0.727539 1406.86
0.727783 1405.44
0.728027 1404.03
0.728271 1402.6
0.728516 1401.18
0.72876 1399.76
0.729004 1398.33
0.729248 1396.9
0.729492 1395.47
0.729736 1394.04
0.72998 1392.61
0.730225 1391.17
0.730469 1389.74
0.730713 1388.3
0.730957 1386.86
0.731201 1385.41
0.731445 1383.97
0.731689 1382.52
0.731934 1381.08
0.732178 1379.63
0.732422 1378.18
0.732666 1376.72
0.73291 1375.27
0.733154 1373.81
0.733398 1372.35
0.733643 1370.89
0.733887 1369.43
0.734131 1367.97
0.734375 1366.5
0.734619 1365.03
0.734863 1363.56
0.735107 1362.09
0.735352 1360.62
0.735596 1359.14
0.73584 1357.67
0.736084 1356.19
0.736328 1354.71
0.736572 1353.23
0.736816 1351.74
0.737061 1350.26
0.737305 1348.77
0.737549 1347.28
0.737793 1345.79
0.738037 1344.3
0.738281 1342.8
0.738525 1341.31
0.73877 1339.81
0.739014 1338.31
0.739258 1336.81
0.739502 1335.3
0.739746 1333.8
0.73999 1332.29
0.740234 1330.78
0.740479 1329.27
0.740723 1327.75
0.740967 1326.24
0.741211 1324.72
0.741455 1323.21
0.741699 1321.68
0.741943 1320.16
0.742188 1318.64
0.742432 1317.11
0.742676 1315.59
0.74292 1314.06
0.743164 1312.52
0.743408 1310.99
0.743652 1309.46
0.743896 1307.92
0.744141 1306.38
0.744385 1304.84
0.744629 1303.3
0.744873 1301.75
0.745117 1300.21
0.745361 1298.66
0.745605 1297.11
0.74585 1295.56
0.746094 1294
0.746338 1292.45
0.746582 1290.89
0.746826 1289.33
0.74707 1287.77
0.747314 1286.21
0.747559 1284.64
0.747803 1283.08
0.748047 1281.51
0.748291 1279.94
0.748535 1278.37
0.748779 1276.79
0.749023 1275.22
0.749268 1273.64
0.749512 1272.06
0.749756 1270.48
0.75 1268.89
0.750244 1267.31
0.750488 1265.72
0.750732 1264.13
0.750977 1262.54
0.751221 1260.95
0.751465 1259.35
0.751709 1257.76
0.751953 1256.16
0.752197 1254.56
0.752441 1252.96
0.752686 1251.35
0.75293 1249.75
0.753174 1248.14
0.753418 1246.53
0.753662 1244.92
0.753906 1243.3
0.75415 1241.69
0.754395 1240.07
0.754639 1238.45
0.754883 1236.83
0.755127 1235.21
0.755371 1233.58
0.755615 1231.95
0.755859 1230.33
0.756104 1228.7
0.756348 1227.06
0.756592 1225.43
0.756836 1223.79
0.75708 1222.15
0.757324 1220.51
0.757568 1218.87
0.757812 1217.23
0.758057 1215.58
0.758301 1213.93
0.758545 1212.28
0.758789 1210.63
0.759033 1208.98
0.759277 1207.32
0.759521 1205.66
0.759766 1204.01
0.76001 1202.34
0.760254 1200.68
0.760498 1199.02
0.760742 1197.35
0.760986 1195.68
0.76123 1194.01
0.761475 1192.34
0.761719 1190.66
0.761963 1188.98
0.762207 1187.3
0.762451 1185.62
0.762695 1183.94
0.762939 1182.26
0.763184 1180.57
0.763428 1178.88
0.763672 1177.19
0.763916 1175.5
0.76416 1173.8
0.764404 1172.11
0.764648 1170.41
0.764893 1168.71
0.765137 1167.01
0.765381 1165.3
0.765625 1163.6
0.765869 1161.89
0.766113 1160.18
0.766357 1158.47
0.766602 1156.75
0.766846 1155.04
0.76709 1153.32
0.767334 1151.6
0.767578 1149.88
0.767822 1148.16
0.768066 1146.43
0.768311 1144.7
0.768555 1142.97
0.768799 1141.24
0.769043 1139.51
0.769287 1137.77
0.769531 1136.03
0.769775 1134.29
0.77002 1132.55
0.770264 1130.81
0.770508 1129.06
0.770752 1127.32
0.770996 1125.57
0.77124 1123.82
0.771484 1122.06
0.771729 1120.31
0.771973 1118.55
0.772217 1116.79
0.772461 1115.03
0.772705 1113.27
0.772949 1111.5
0.773193 1109.73
0.773438 1107.96
0.773682 1106.19
0.773926 1104.42
0.77417 1102.64
0.774414 1100.87
0.774658 1099.09
0.774902 1097.3
0.775146 1095.52
0.775391 1093.74
0.775635 1091.95
0.775879 1090.16
0.776123 1088.37
0.776367 1086.57
0.776611 1084.78
0.776855 1082.98
0.7771 1081.18
0.777344 1079.38
0.777588 1077.57
0.777832 1075.77
0.778076 1073.96
0.77832 1072.15
0.778564 1070.34
0.778809 1068.53
0.779053 1066.71
0.779297 1064.89
0.779541 1063.07
0.779785 1061.25
0.780029 1059.43
0.780273 1057.6
0.780518 1055.77
0.780762 1053.94
0.781006 1052.11
0.78125 1050.28
0.781494 1048.44
0.781738 1046.6
0.781982 1044.76
0.782227 1042.92
0.782471 1041.07
0.782715 1039.23
0.782959 1037.38
0.783203 1035.53
0.783447 1033.67
0.783691 1031.82
0.783936 1029.96
0.78418 1028.1
0.784424 1026.24
0.784668 1024.38
0.784912 1022.51
0.785156 1020.65
0.7854 1018.78
0.785645 1016.91
0.785889 1015.03
0.786133 1013.16
0.786377 1011.28
0.786621 1009.4
0.786865 1007.52
0.787109 1005.63
0.787354 1003.75
0.787598 1001.86
0.787842 999.968
0.788086 998.076
0.78833 996.181
0.788574 994.285
0.788818 992.386
0.789062 990.485
0.789307 988.582
0.789551 986.677
0.789795 984.77
0.790039 982.861
0.790283 980.95
0.790527 979.036
0.790771 977.121
0.791016 975.203
0.79126 973.283
0.791504 971.362
0.791748 969.438
0.791992 967.511
0.792236 965.583
0.79248 963.653
0.792725 961.72
0.792969 959.786
0.793213 957.849
0.793457 955.91
0.793701 953.969
0.793945 952.026
0.794189 950.081
0.794434 948.133
0.794678 946.184
0.794922 944.232
0.795166 942.278
0.79541 940.322
0.795654 938.364
0.795898 936.404
0.796143 934.441
0.796387 932.477
0.796631 930.51
0.796875 928.541
0.797119 926.57
0.797363 924.597
0.797607 922.621
0.797852 920.644
0.798096 918.664
0.79834 916.682
0.798584 914.698
0.798828 912.712
0.799072 910.724
0.799316 908.733
0.799561 906.741
0.799805 904.746
0.800049 902.749
0.800293 900.749
0.800537 898.748
0.800781 896.744
0.801025 894.739
0.80127 892.731
0.801514 890.721
0.801758 888.708
0.802002 886.694
0.802246 884.677
0.80249 882.658
0.802734 880.637
0.802979 878.614
0.803223 876.588
0.803467 874.561
0.803711 872.531
0.803955 870.499
0.804199 868.464
0.804443 866.428
0.804688 864.389
0.804932 862.348
0.805176 860.305
0.80542 858.26
0.805664 856.212
0.805908 854.162
0.806152 852.11
0.806396 850.056
0.806641 848
0.806885 845.941
0.807129 843.88
0.807373 841.817
0.807617 839.752
0.807861 837.684
0.808105 835.615
0.80835 833.543
0.808594 831.468
0.808838 829.392
0.809082 827.313
0.809326 825.232
0.80957 823.149
0.809814 821.063
0.810059 818.976
0.810303 816.886
0.810547 814.794
0.810791 812.699
0.811035 810.603
0.811279 808.504
0.811523 806.403
0.811768 804.299
0.812012 802.193
0.812256 800.086
0.8125 797.975
0.812744 795.863
0.812988 793.748
0.813232 791.631
0.813477 789.512
0.813721 787.391
0.813965 785.267
0.814209 783.141
0.814453 781.012
0.814697 778.882
0.814941 776.749
0.815186 774.614
0.81543 772.477
0.815674 770.337
0.815918 768.195
0.816162 766.051
0.816406 763.904
0.81665 761.756
0.816895 759.604
0.817139 757.451
0.817383 755.295
0.817627 753.138
0.817871 750.977
0.818115 748.815
0.818359 746.65
0.818604 744.483
0.818848 742.314
0.819092 740.142
0.819336 737.968
0.81958 735.792
0.819824 733.613
0.820068 731.432
0.820312 729.249
0.820557 727.064
0.820801 724.876
0.821045 722.686
0.821289 720.494
0.821533 718.299
0.821777 716.102
0.822021 713.903
0.822266 711.701
0.82251 709.498
0.822754 707.291
0.822998 705.083
0.823242 702.872
0.823486 700.659
0.82373 698.444
0.823975 696.226
0.824219 694.006
0.824463 691.784
0.824707 689.559
0.824951 687.332
0.825195 685.103
0.825439 682.871
0.825684 680.637
0.825928 678.401
0.826172 676.162
0.826416 673.922
0.82666 671.678
0.826904 669.433
0.827148 667.185
0.827393 664.935
0.827637 662.683
0.827881 660.428
0.828125 658.171
0.828369 655.911
0.828613 653.65
0.828857 651.386
0.829102 649.119
0.829346 646.851
0.82959 644.58
0.829834 642.306
0.830078 640.031
0.830322 637.753
0.830566 635.473
0.830811 633.19
0.831055 630.905
0.831299 628.618
0.831543 626.328
0.831787 624.037
0.832031 621.742
0.832275 619.446
0.83252 617.147
0.832764 614.846
0.833008 612.543
0.833252 610.237
0.833496 607.929
0.83374 605.619
0.833984 603.306
0.834229 600.991
0.834473 598.674
0.834717 596.355
0.834961 594.033
0.835205 591.709
0.835449 589.382
0.835693 587.054
0.835938 584.723
0.836182 582.389
0.836426 580.054
0.83667 577.716
0.836914 575.376
0.837158 573.033
0.837402 570.689
0.837646 568.342
0.837891 565.992
0.838135 563.641
0.838379 561.287
0.838623 558.931
0.838867 556.573
0.839111 554.212
0.839355 551.849
0.8396 549.484
0.839844 547.117
0.840088 544.747
0.840332 542.375
0.840576 540.001
0.84082 537.625
0.841064 535.246
0.841309 532.865
0.841553 530.482
0.841797 528.097
0.842041 525.71
0.842285 523.32
0.842529 520.928
0.842773 518.534
0.843018 516.138
0.843262 513.739
0.843506 511.339
0.84375 508.936
0.843994 506.531
0.844238 504.124
0.844482 501.714
0.844727 499.303
0.844971 496.889
0.845215 494.473
0.845459 492.055
0.845703 489.635
0.845947 487.213
0.846191 484.789
0.846436 482.363
0.84668 479.934
0.846924 477.503
0.847168 475.071
0.847412 472.636
0.847656 470.199
0.8479 467.76
0.848145 465.319
0.848389 462.876
0.848633 460.431
0.848877 457.984
0.849121 455.535
0.849365 453.084
0.849609 450.631
0.849854 448.176
0.850098 445.719
0.850342 443.26
0.850586 440.799
0.85083 438.336
0.851074 435.871
0.851318 433.404
0.851562 430.935
0.851807 428.465
0.852051 425.992
0.852295 423.518
0.852539 421.042
0.852783 418.564
0.853027 416.084
0.853271 413.602
0.853516 411.119
0.85376 408.633
0.854004 406.146
0.854248 403.657
0.854492 401.167
0.854736 398.675
0.85498 396.181
0.855225 393.685
0.855469 391.187
0.855713 388.688
0.855957 386.188
0.856201 383.685
0.856445 381.181
0.856689 378.676
0.856934 376.169
0.857178 373.66
0.857422 371.15
0.857666 368.638
0.85791 366.125
0.858154 363.61
0.858398 361.094
0.858643 358.577
0.858887 356.058
0.859131 353.537
0.859375 351.016
0.859619 348.493
0.859863 345.968
0.860107 343.442
0.860352 340.915
0.860596 338.387
0.86084 335.858
0.861084 333.327
0.861328 330.795
0.861572 328.262
0.861816 325.728
0.862061 323.193
0.862305 320.657
0.862549 318.119
0.862793 315.581
0.863037 313.042
0.863281 310.502
0.863525 307.96
0.86377 305.418
0.864014 302.875
0.864258 300.332
0.864502 297.787
0.864746 295.242
0.86499 292.696
0.865234 290.149
0.865479 287.601
0.865723 285.053
0.865967 282.504
0.866211 279.955
0.866455 277.405
0.866699 274.855
0.866943 272.304
0.867188 269.753
0.867432 267.201
0.867676 264.649
0.86792 262.097
0.868164 259.544
0.868408 256.992
0.868652 254.439
0.868896 251.885
0.869141 249.332
0.869385 246.779
0.869629 244.225
0.869873 241.672
0.870117 239.119
0.870361 236.565
0.870605 234.012
0.87085 231.459
0.871094 228.906
0.871338 226.354
0.871582 223.802
0.871826 221.25
0.87207 218.698
0.872314 216.147
0.872559 213.597
0.872803 211.047
0.873047 208.497
0.873291 205.949
0.873535 203.401
0.873779 200.853
0.874023 198.307
0.874268 195.761
0.874512 193.216
0.874756 190.672
0.875 188.129
0.875244 185.587
0.875488 183.047
0.875732 180.507
0.875977 177.969
0.876221 175.431
0.876465 172.895
0.876709 170.361
0.876953 167.828
0.877197 165.296
0.877441 162.766
0.877686 160.237
0.87793 157.71
0.878174 155.185
0.878418 152.662
0.878662 150.14
0.878906 147.62
0.87915 145.102
0.879395 142.586
0.879639 140.073
0.879883 137.561
0.880127 135.051
0.880371 132.544
0.880615 130.039
0.880859 127.536
0.881104 125.036
0.881348 122.538
0.881592 120.043
0.881836 117.55
0.88208 115.06
0.882324 112.572
0.882568 110.088
0.882812 107.606
0.883057 105.128
0.883301 102.652
0.883545 100.179
0.883789 97.7094
0.884033 95.243
0.884277 92.7798
0.884521 90.32
0.884766 87.8635
0.88501 85.4105
0.885254 82.9611
0.885498 80.5152
0.885742 78.0729
0.885986 75.6345
0.88623 73.1998
0.886475 70.7689
0.886719 68.3421
0.886963 65.9192
0.887207 63.5004
0.887451 61.0858
0.887695 58.6754
0.887939 56.2693
0.888184 53.8676
0.888428 51.4704
0.888672 49.0777
0.888916 46.6896
0.88916 44.3061
0.889404 41.9274
0.889648 39.5536
0.889893 37.1846
0.890137 34.8207
0.890381 32.4617
0.890625 30.108
0.890869 27.7594
0.891113 25.4162
0.891357 23.0783
0.891602 20.7459
0.891846 18.4191
0.89209 16.0978
0.892334 13.7823
0.892578 11.4725
0.892822 9.16866
0.893066 6.87074
0.893311 4.57887
0.893555 2.29313
0.893799 0.0136073
0.894043 -2.25961
0.894287 -4.52643
0.894531 -6.78673
0.894775 -9.04028
0.89502 -11.2863
0.895264 -13.5218
0.895508 -15.7326
0.895752 -17.8577
0.895996 -19.6823
0.89624 -20.8209
0.896484 -21.2563
0.896729 -21.374
0.896973 -21.4043
0.897217 -21.4143
0.897461 -21.4198
0.897705 -21.4243
0.897949 -21.4286
0.898193 -21.4329
0.898438 -21.4371
0.898682 -21.4413
0.898926 -21.4456
0.89917 -21.4498
0.899414 -21.454
0.899658 -21.4582
0.899902 -21.4624
0.900146 -21.4667
0.900391 -21.4709
0.900635 -21.4751
0.900879 -21.4793
0.901123 -21.4835
0.901367 -21.4877
0.901611 -21.4919
0.901855 -21.4961
0.9021 -21.5002
0.902344 -21.5044
0.902588 -21.5086
0.902832 -21.5128
0.903076 -21.517
0.90332 -21.5211
0.903564 -21.5253
0.903809 -21.5295
0.904053 -21.5336
0.904297 -21.5378
0.904541 -21.542
0.904785 -21.5461
0.905029 -21.5503
0.905273 -21.5544
0.905518 -21.5586
0.905762 -21.5627
0.906006 -21.5668
0.90625 -21.571
0.906494 -21.5751
0.906738 -21.5793
0.906982 -21.5834
0.907227 -21.5875
0.907471 -21.5916
0.907715 -21.5958
0.907959 -21.5999
0.908203 -21.604
0.908447 -21.6081
0.908691 -21.6122
0.908936 -21.6163
0.90918 -21.6204
0.909424 -21.6245
0.909668 -21.6286
0.909912 -21.6327
0.910156 -21.6368
0.9104 -21.6409
0.910645 -21.645
0.910889 -21.6491
0.911133 -21.6532
0.911377 -21.6572
0.911621 -21.6613
0.911865 -21.6654
0.912109 -21.6695
0.912354 -21.6735
0.912598 -21.6776
0.912842 -21.6817
0.913086 -21.6857
0.91333 -21.6898
0.913574 -21.6938
0.913818 -21.6979
0.914062 -21.7019
0.914307 -21.706
0.914551 -21.71
0.914795 -21.7141
0.915039 -21.7181
0.915283 -21.7221
0.915527 -21.7262
0.915771 -21.7302
0.916016 -21.7342
0.91626 -21.7383
0.916504 -21.7423
0.916748 -21.7463
0.916992 -21.7503
0.917236 -21.7543
0.91748 -21.7583
0.917725 -21.7623
0.917969 -21.7664
0.918213 -21.7704
0.918457 -21.7744
0.918701 -21.7784
0.918945 -21.7824
0.919189 -21.7864
0.919434 -21.7903
0.919678 -21.7943
0.919922 -21.7983
0.920166 -21.8023
0.92041 -21.8063
0.920654 -21.8103
0.920898 -21.8142
0.921143 -21.8182
0.921387 -21.8222
0.921631 -21.8262
0.921875 -21.8301
0.922119 -21.8341
0.922363 -21.838
0.922607 -21.842
0.922852 -21.846
0.923096 -21.8499
0.92334 -21.8539
0.923584 -21.8578
0.923828 -21.8618
0.924072 -21.8657
0.924316 -21.8697
0.924561 -21.8736
0.924805 -21.8775
0.925049 -21.8815
0.925293 -21.8854
0.925537 -21.8893
0.925781 -21.8933
0.926025 -21.8972
0.92627 -21.9011
0.926514 -21.905
0.926758 -21.9089
0.927002 -21.9129
0.927246 -21.9168
0.92749 -21.9207
0.927734 -21.9246
0.927979 -21.9285
0.928223 -21.9324
0.928467 -21.9363
0.928711 -21.9402
0.928955 -21.9441
0.929199 -21.948
0.929443 -21.9519
0.929688 -21.9558
0.929932 -21.9596
0.930176 -21.9635
0.93042 -21.9674
0.930664 -21.9713
0.930908 -21.9752
0.931152 -21.979
0.931396 -21.9829
0.931641 -21.9868
0.931885 -21.9907
0.932129 -21.9945
0.932373 -21.9984
0.932617 -22.0022
0.932861 -22.0061
0.933105 -22.01
0.93335 -22.0138
0.933594 -22.0177
0.933838 -22.0215
0.934082 -22.0254
0.934326 -22.0292
0.93457 -22.033
0.934814 -22.0369
0.935059 -22.0407
0.935303 -22.0446
0.935547 -22.0484
0.935791 -22.0522
0.936035 -22.0561
0.936279 -22.0599
0.936523 -22.0637
0.936768 -22.0675
0.937012 -22.0714
0.937256 -22.0752
0.9375 -22.079
0.937744 -22.0828
0.937988 -22.0866
0.938232 -22.0904
0.938477 -22.0942
0.938721 -22.098
0.938965 -22.1018
0.939209 -22.1056
0.939453 -22.1094
0.939697 -22.1132
0.939941 -22.117
0.940186 -22.1208
0.94043 -22.1246
0.940674 -22.1284
0.940918 -22.1322
0.941162 -22.136
0.941406 -22.1398
0.94165 -22.1435
0.941895 -22.1473
0.942139 -22.1511
0.942383 -22.1549
0.942627 -22.1586
0.942871 -22.1624
0.943115 -22.1662
0.943359 -22.1699
0.943604 -22.1737
0.943848 -22.1774
0.944092 -22.1812
0.944336 -22.185
0.94458 -22.1887
0.944824 -22.1925
0.945068 -22.1962
0.945312 -22.2
0.945557 -22.2037
0.945801 -22.2075
0.946045 -22.2112
0.946289 -22.2149
0.946533 -22.2187
0.946777 -22.2224
0.947021 -22.2261
0.947266 -22.2299
0.94751 -22.2336
0.947754 -22.2373
0.947998 -22.2411
0.948242 -22.2448
0.948486 -22.2485
0.94873 -22.2522
0.948975 -22.2559
0.949219 -22.2597
0.949463 -22.2634
0.949707 -22.2671
0.949951 -22.2708
0.950195 -22.2745
0.950439 -22.2782
0.950684 -22.2819
0.950928 -22.2856
0.951172 -22.2893
0.951416 -22.293
0.95166 -22.2967
0.951904 -22.3004
0.952148 -22.3041
0.952393 -22.3078
0.952637 -22.3115
0.952881 -22.3152
0.953125 -22.3188
0.953369 -22.3225
0.953613 -22.3262
0.953857 -22.3299
0.954102 -22.3336
0.954346 -22.3372
0.95459 -22.3409
0.954834 -22.3446
0.955078 -22.3482
0.955322 -22.3519
0.955566 -22.3556
0.955811 -22.3592
0.956055 -22.3629
0.956299 -22.3666
0.956543 -22.3702
0.956787 -22.3739
0.957031 -22.3775
0.957275 -22.3812
0.95752 -22.3848
0.957764 -22.3885
0.958008 -22.3921
0.958252 -22.3958
0.958496 -22.3994
0.95874 -22.4031
0.958984 -22.4067
0.959229 -22.4103
0.959473 -22.414
0.959717 -22.4176
0.959961 -22.4212
0.960205 -22.4249
0.960449 -22.4285
0.960693 -22.4321
0.960938 -22.4357
0.961182 -22.4394
0.961426 -22.443
0.96167 -22.4466
0.961914 -22.4502
0.962158 -22.4538
0.962402 -22.4575
0.962646 -22.4611
0.962891 -22.4647
0.963135 -22.4683
0.963379 -22.4719
0.963623 -22.4755
0.963867 -22.4791
0.964111 -22.4827
0.964355 -22.4863
0.9646 -22.4899
0.964844 -22.4935
0.965088 -22.4971
0.965332 -22.5007
0.965576 -22.5043
0.96582 -22.5079
0.966064 -22.5114
0.966309 -22.515
0.966553 -22.5186
0.966797 -22.5222
0.967041 -22.5258
0.967285 -22.5294
0.967529 -22.5329
0.967773 -22.5365
0.968018 -22.5401
0.968262 -22.5437
0.968506 -22.5472
0.96875 -22.5508
0.968994 -22.5544
0.969238 -22.5579
0.969482 -22.5615
0.969727 -22.5651
0.969971 -22.5686
0.970215 -22.5722
0.970459 -22.5757
0.970703 -22.5793
0.970947 -22.5828
0.971191 -22.5864
0.971436 -22.5899
0.97168 -22.5935
0.971924 -22.597
0.972168 -22.6006
0.972412 -22.6041
0.972656 -22.6077
0.9729 -22.6112
0.973145 -22.6147
0.973389 -22.6183
0.973633 -22.6218
0.973877 -22.6253
0.974121 -22.6289
0.974365 -22.6324
0.974609 -22.6359
0.974854 -22.6395
0.975098 -22.643
0.975342 -22.6465
0.975586 -22.65
0.97583 -22.6536
0.976074 -22.6571
0.976318 -22.6606
0.976562 -22.6641
0.976807 -22.6676
0.977051 -22.6711
0.977295 -22.6747
0.977539 -22.6782
0.977783 -22.6817
0.978027 -22.6852
0.978271 -22.6887
0.978516 -22.6922
0.97876 -22.6957
0.979004 -22.6992
0.979248 -22.7027
0.979492 -22.7062
0.979736 -22.7097
0.97998 -22.7132
0.980225 -22.7167
0.980469 -22.7202
0.980713 -22.7236
0.980957 -22.7271
0.981201 -22.7306
0.981445 -22.7341
0.981689 -22.7376
0.981934 -22.7411
0.982178 -22.7446
0.982422 -22.748
0.982666 -22.7515
0.98291 -22.755
0.983154 -22.7585
0.983398 -22.7619
0.983643 -22.7654
0.983887 -22.7689
0.984131 -22.7723
0.984375 -22.7758
0.984619 -22.7793
0.984863 -22.7827
0.985107 -22.7862
0.985352 -22.7897
0.985596 -22.7931
0.98584 -22.7966
0.986084 -22.8
0.986328 -22.8035
0.986572 -22.8069
0.986816 -22.8104
0.987061 -22.8139
0.987305 -22.8173
0.987549 -22.8208
0.987793 -22.8242
0.988037 -22.8276
0.988281 -22.8311
0.988525 -22.8345
0.98877 -22.838
0.989014 -22.8414
0.989258 -22.8448
0.989502 -22.8483
0.989746 -22.8517
0.98999 -22.8552
0.990234 -22.8586
0.990479 -22.862
0.990723 -22.8654
0.990967 -22.8689
0.991211 -22.8723
0.991455 -22.8757
0.991699 -22.8792
0.991943 -22.8826
0.992188 -22.886
0.992432 -22.8894
0.992676 -22.8928
0.99292 -22.8963
0.993164 -22.8997
0.993408 -22.9031
0.993652 -22.9065
0.993896 -22.9099
0.994141 -22.9133
0.994385 -22.9167
0.994629 -22.9201
0.994873 -22.9235
0.995117 -22.9269
0.995361 -22.9303
0.995605 -22.9337
0.99585 -22.9372
0.996094 -22.9405
0.996338 -22.9439
0.996582 -22.9473
0.996826 -22.9507
0.99707 -22.9541
0.997314 -22.9575
0.997559 -22.9609
0.997803 -22.9643
0.998047 -22.9677
0.998291 -22.9711
0.998535 -22.9745
0.998779 -22.9779
0.999023 -22.9812
0.999268 -22.9846
0.999512 -22.988
0.999756 -22.9914
1 -22.9948
------------
