k:1024_n:2048_sigma:32_iters:3
Printing log2 count distribution: 
0 -inf
0.000488281 -34.7139
0.000976562 -34.7017
0.00146484 -34.6894
0.00195312 -34.6771
0.00244141 -34.6648
0.00292969 -34.6525
0.00341797 -34.6401
0.00390625 -34.6277
0.00439453 -34.6153
0.00488281 -34.6029
0.00537109 -34.5904
0.00585938 -34.5779
0.00634766 -34.5654
0.00683594 -34.5528
0.00732422 -34.5402
0.0078125 -34.5276
0.00830078 -34.5149
0.00878906 -34.5022
0.00927734 -34.4895
0.00976562 -34.4768
0.0102539 -34.464
0.0107422 -34.4512
0.0112305 -34.4384
0.0117188 -34.4255
0.012207 -34.4127
0.0126953 -34.3997
0.0131836 -34.3868
0.0136719 -34.3738
0.0141602 -34.3608
0.0146484 -34.3478
0.0151367 -34.3347
0.015625 -34.3216
0.0161133 -34.3085
0.0166016 -34.2953
0.0170898 -34.2821
0.0175781 -34.2689
0.0180664 -34.2556
0.0185547 -34.2423
0.019043 -34.229
0.0195312 -34.2157
0.0200195 -34.2023
0.0205078 -34.1889
0.0209961 -34.1754
0.0214844 -34.162
0.0219727 -34.1485
0.0224609 -34.1349
0.0229492 -34.1214
0.0234375 -34.1078
0.0239258 -34.0941
0.0244141 -34.0805
0.0249023 -34.0668
0.0253906 -34.053
0.0258789 -34.0393
0.0263672 -34.0255
0.0268555 -34.0116
0.0273438 -33.9978
0.027832 -33.9839
0.0283203 -33.9699
0.0288086 -33.956
0.0292969 -33.942
0.0297852 -33.9279
0.0302734 -33.9139
0.0307617 -33.8998
0.03125 -33.8856
0.0317383 -33.8715
0.0322266 -33.8573
0.0327148 -33.843
0.0332031 -33.8288
0.0336914 -33.8145
0.0341797 -33.8001
0.034668 -33.7858
0.0351562 -33.7714
0.0356445 -33.7569
0.0361328 -33.7424
0.0366211 -33.7279
0.0371094 -33.7134
0.0375977 -33.6988
0.0380859 -33.6842
0.0385742 -33.6695
0.0390625 -33.6549
0.0395508 -33.6401
0.0400391 -33.6254
0.0405273 -33.6106
0.0410156 -33.5957
0.0415039 -33.5809
0.0419922 -33.566
0.0424805 -33.551
0.0429688 -33.5361
0.043457 -33.521
0.0439453 -33.506
0.0444336 -33.4909
0.0449219 -33.4758
0.0454102 -33.4606
0.0458984 -33.4454
0.0463867 -33.4302
0.046875 -33.4149
0.0473633 -33.3996
0.0478516 -33.3842
0.0483398 -33.3689
0.0488281 -33.3534
0.0493164 -33.338
0.0498047 -33.3225
0.050293 -33.3069
0.0507812 -33.2914
0.0512695 -33.2757
0.0517578 -33.2601
0.0522461 -33.2444
0.0527344 -33.2287
0.0532227 -33.2129
0.0537109 -33.1971
0.0541992 -33.1812
0.0546875 -33.1653
0.0551758 -33.1494
0.0556641 -33.1334
0.0561523 -33.1174
0.0566406 -33.1014
0.0571289 -33.0853
0.0576172 -33.0692
0.0581055 -33.053
0.0585938 -33.0368
0.059082 -33.0205
0.0595703 -33.0042
0.0600586 -32.9879
0.0605469 -32.9715
0.0610352 -32.9551
0.0615234 -32.9387
0.0620117 -32.9222
0.0625 -32.9056
0.0629883 -32.889
0.0634766 -32.8724
0.0639648 -32.8557
0.0644531 -32.839
0.0649414 -32.8223
0.0654297 -32.8055
0.065918 -32.7887
0.0664062 -32.7718
0.0668945 -32.7549
0.0673828 -32.7379
0.0678711 -32.7209
0.0683594 -32.7038
0.0688477 -32.6867
0.0693359 -32.6696
0.0698242 -32.6524
0.0703125 -32.6352
0.0708008 -32.6179
0.0712891 -32.6006
0.0717773 -32.5833
0.0722656 -32.5659
0.0727539 -32.5484
0.0732422 -32.5309
0.0737305 -32.5134
0.0742188 -32.4958
0.074707 -32.4782
0.0751953 -32.4605
0.0756836 -32.4428
0.0761719 -32.425
0.0766602 -32.4072
0.0771484 -32.3894
0.0776367 -32.3715
0.078125 -32.3535
0.0786133 -32.3356
0.0791016 -32.3175
0.0795898 -32.2994
0.0800781 -32.2813
0.0805664 -32.2631
0.0810547 -32.2449
0.081543 -32.2266
0.0820312 -32.2083
0.0825195 -32.1899
0.0830078 -32.1715
0.0834961 -32.153
0.0839844 -32.1345
0.0844727 -32.116
0.0849609 -32.0974
0.0854492 -32.0787
0.0859375 -32.06
0.0864258 -32.0412
0.0869141 -32.0224
0.0874023 -32.0036
0.0878906 -31.9847
0.0883789 -31.9657
0.0888672 -31.9467
0.0893555 -31.9277
0.0898438 -31.9086
0.090332 -31.8894
0.0908203 -31.8702
0.0913086 -31.851
0.0917969 -31.8317
0.0922852 -31.8123
0.0927734 -31.7929
0.0932617 -31.7734
0.09375 -31.7539
0.0942383 -31.7344
0.0947266 -31.7148
0.0952148 -31.6951
0.0957031 -31.6754
0.0961914 -31.6556
0.0966797 -31.6358
0.097168 -31.6159
0.0976562 -31.596
0.0981445 -31.576
0.0986328 -31.556
0.0991211 -31.5359
0.0996094 -31.5157
0.100098 -31.4956
0.100586 -31.4753
0.101074 -31.455
0.101562 -31.4346
0.102051 -31.4141
0.102539 -31.3928
0.103027 -31.3678
0.103516 -31.3208
0.104004 -31.1523
0.104492 -30.4664
0.10498 -28.7475
0.105469 -26.3355
0.105957 -23.7262
0.106445 -21.0702
0.106934 -18.3959
0.107422 -15.7088
0.10791 -13.0101
0.108398 -10.3006
0.108887 -7.58089
0.109375 -4.85158
0.109863 -2.11326
0.110352 0.633469
0.11084 3.38802
0.111328 6.14982
0.111816 8.91829
0.112305 11.6929
0.112793 14.473
0.113281 17.2581
0.11377 20.0476
0.114258 22.841
0.114746 25.6379
0.115234 28.4376
0.115723 31.2397
0.116211 34.0437
0.116699 36.8491
0.117188 39.6556
0.117676 42.4626
0.118164 45.2698
0.118652 48.0767
0.119141 50.883
0.119629 53.6883
0.120117 56.4923
0.120605 59.2946
0.121094 62.095
0.121582 64.8931
0.12207 67.6887
0.122559 70.4815
0.123047 73.2713
0.123535 76.0578
0.124023 78.8409
0.124512 81.6203
0.125 84.3959
0.125488 87.1675
0.125977 89.935
0.126465 92.6981
0.126953 95.4568
0.127441 98.211
0.12793 100.96
0.128418 103.705
0.128906 106.445
0.129395 109.18
0.129883 111.91
0.130371 114.635
0.130859 117.354
0.131348 120.069
0.131836 122.778
0.132324 125.481
0.132812 128.18
0.133301 130.873
0.133789 133.56
0.134277 136.242
0.134766 138.919
0.135254 141.59
0.135742 144.256
0.13623 146.916
0.136719 149.57
0.137207 152.219
0.137695 154.862
0.138184 157.5
0.138672 160.131
0.13916 162.758
0.139648 165.379
0.140137 167.994
0.140625 170.603
0.141113 173.207
0.141602 175.805
0.14209 178.398
0.142578 180.985
0.143066 183.567
0.143555 186.142
0.144043 188.713
0.144531 191.277
0.14502 193.836
0.145508 196.39
0.145996 198.938
0.146484 201.48
0.146973 204.017
0.147461 206.548
0.147949 209.074
0.148438 211.594
0.148926 214.109
0.149414 216.618
0.149902 219.122
0.150391 221.62
0.150879 224.113
0.151367 226.6
0.151855 229.082
0.152344 231.559
0.152832 234.03
0.15332 236.496
0.153809 238.956
0.154297 241.411
0.154785 243.86
0.155273 246.304
0.155762 248.743
0.15625 251.177
0.156738 253.605
0.157227 256.028
0.157715 258.446
0.158203 260.858
0.158691 263.265
0.15918 265.667
0.159668 268.063
0.160156 270.455
0.160645 272.841
0.161133 275.222
0.161621 277.597
0.162109 279.968
0.162598 282.333
0.163086 284.693
0.163574 287.048
0.164062 289.398
0.164551 291.743
0.165039 294.083
0.165527 296.417
0.166016 298.747
0.166504 301.071
0.166992 303.39
0.16748 305.705
0.167969 308.014
0.168457 310.318
0.168945 312.617
0.169434 314.912
0.169922 317.201
0.17041 319.485
0.170898 321.764
0.171387 324.038
0.171875 326.308
0.172363 328.572
0.172852 330.832
0.17334 333.086
0.173828 335.336
0.174316 337.58
0.174805 339.82
0.175293 342.055
0.175781 344.285
0.17627 346.51
0.176758 348.731
0.177246 350.946
0.177734 353.157
0.178223 355.363
0.178711 357.564
0.179199 359.76
0.179688 361.952
0.180176 364.139
0.180664 366.321
0.181152 368.498
0.181641 370.67
0.182129 372.838
0.182617 375.001
0.183105 377.16
0.183594 379.313
0.184082 381.462
0.18457 383.606
0.185059 385.746
0.185547 387.881
0.186035 390.011
0.186523 392.137
0.187012 394.258
0.1875 396.374
0.187988 398.486
0.188477 400.593
0.188965 402.695
0.189453 404.793
0.189941 406.887
0.19043 408.975
0.190918 411.06
0.191406 413.139
0.191895 415.214
0.192383 417.285
0.192871 419.351
0.193359 421.412
0.193848 423.469
0.194336 425.522
0.194824 427.57
0.195312 429.613
0.195801 431.652
0.196289 433.687
0.196777 435.717
0.197266 437.743
0.197754 439.764
0.198242 441.781
0.19873 443.793
0.199219 445.801
0.199707 447.805
0.200195 449.804
0.200684 451.798
0.201172 453.789
0.20166 455.775
0.202148 457.756
0.202637 459.734
0.203125 461.706
0.203613 463.675
0.204102 465.639
0.20459 467.599
0.205078 469.555
0.205566 471.506
0.206055 473.453
0.206543 475.395
0.207031 477.334
0.20752 479.268
0.208008 481.197
0.208496 483.123
0.208984 485.044
0.209473 486.961
0.209961 488.874
0.210449 490.782
0.210938 492.686
0.211426 494.586
0.211914 496.482
0.212402 498.374
0.212891 500.261
0.213379 502.144
0.213867 504.023
0.214355 505.898
0.214844 507.768
0.215332 509.635
0.21582 511.497
0.216309 513.355
0.216797 515.209
0.217285 517.059
0.217773 518.905
0.218262 520.746
0.21875 522.583
0.219238 524.417
0.219727 526.246
0.220215 528.071
0.220703 529.892
0.221191 531.709
0.22168 533.522
0.222168 535.33
0.222656 537.135
0.223145 538.936
0.223633 540.732
0.224121 542.525
0.224609 544.313
0.225098 546.097
0.225586 547.878
0.226074 549.654
0.226562 551.426
0.227051 553.195
0.227539 554.959
0.228027 556.719
0.228516 558.475
0.229004 560.228
0.229492 561.976
0.22998 563.72
0.230469 565.46
0.230957 567.197
0.231445 568.929
0.231934 570.658
0.232422 572.382
0.23291 574.103
0.233398 575.819
0.233887 577.532
0.234375 579.241
0.234863 580.945
0.235352 582.646
0.23584 584.343
0.236328 586.036
0.236816 587.726
0.237305 589.411
0.237793 591.092
0.238281 592.77
0.23877 594.443
0.239258 596.113
0.239746 597.779
0.240234 599.441
0.240723 601.099
0.241211 602.754
0.241699 604.404
0.242188 606.051
0.242676 607.694
0.243164 609.333
0.243652 610.968
0.244141 612.599
0.244629 614.227
0.245117 615.85
0.245605 617.47
0.246094 619.086
0.246582 620.699
0.24707 622.307
0.247559 623.912
0.248047 625.513
0.248535 627.11
0.249023 628.704
0.249512 630.293
0.25 631.879
0.250488 633.461
0.250977 635.04
0.251465 636.614
0.251953 638.185
0.252441 639.752
0.25293 641.316
0.253418 642.876
0.253906 644.432
0.254395 645.984
0.254883 647.532
0.255371 649.077
0.255859 650.619
0.256348 652.156
0.256836 653.69
0.257324 655.22
0.257812 656.746
0.258301 658.269
0.258789 659.788
0.259277 661.303
0.259766 662.815
0.260254 664.323
0.260742 665.828
0.26123 667.328
0.261719 668.825
0.262207 670.319
0.262695 671.809
0.263184 673.295
0.263672 674.778
0.26416 676.256
0.264648 677.732
0.265137 679.203
0.265625 680.672
0.266113 682.136
0.266602 683.597
0.26709 685.054
0.267578 686.508
0.268066 687.958
0.268555 689.404
0.269043 690.847
0.269531 692.287
0.27002 693.722
0.270508 695.155
0.270996 696.583
0.271484 698.008
0.271973 699.43
0.272461 700.848
0.272949 702.262
0.273438 703.673
0.273926 705.08
0.274414 706.484
0.274902 707.884
0.275391 709.281
0.275879 710.674
0.276367 712.064
0.276855 713.45
0.277344 714.833
0.277832 716.212
0.27832 717.587
0.278809 718.959
0.279297 720.328
0.279785 721.693
0.280273 723.055
0.280762 724.413
0.28125 725.767
0.281738 727.118
0.282227 728.466
0.282715 729.81
0.283203 731.151
0.283691 732.488
0.28418 733.822
0.284668 735.152
0.285156 736.479
0.285645 737.803
0.286133 739.123
0.286621 740.439
0.287109 741.752
0.287598 743.062
0.288086 744.368
0.288574 745.671
0.289062 746.97
0.289551 748.266
0.290039 749.558
0.290527 750.847
0.291016 752.133
0.291504 753.415
0.291992 754.694
0.29248 755.97
0.292969 757.242
0.293457 758.51
0.293945 759.775
0.294434 761.037
0.294922 762.296
0.29541 763.551
0.295898 764.803
0.296387 766.051
0.296875 767.296
0.297363 768.537
0.297852 769.775
0.29834 771.01
0.298828 772.242
0.299316 773.47
0.299805 774.695
0.300293 775.916
0.300781 777.134
0.30127 778.349
0.301758 779.56
0.302246 780.768
0.302734 781.973
0.303223 783.174
0.303711 784.372
0.304199 785.567
0.304688 786.758
0.305176 787.946
0.305664 789.131
0.306152 790.312
0.306641 791.49
0.307129 792.665
0.307617 793.836
0.308105 795.005
0.308594 796.169
0.309082 797.331
0.30957 798.489
0.310059 799.644
0.310547 800.796
0.311035 801.944
0.311523 803.089
0.312012 804.231
0.3125 805.37
0.312988 806.505
0.313477 807.637
0.313965 808.766
0.314453 809.891
0.314941 811.013
0.31543 812.132
0.315918 813.248
0.316406 814.36
0.316895 815.469
0.317383 816.575
0.317871 817.678
0.318359 818.777
0.318848 819.873
0.319336 820.966
0.319824 822.056
0.320312 823.142
0.320801 824.226
0.321289 825.305
0.321777 826.382
0.322266 827.456
0.322754 828.526
0.323242 829.593
0.32373 830.657
0.324219 831.718
0.324707 832.775
0.325195 833.829
0.325684 834.88
0.326172 835.928
0.32666 836.973
0.327148 838.014
0.327637 839.052
0.328125 840.087
0.328613 841.119
0.329102 842.148
0.32959 843.173
0.330078 844.195
0.330566 845.214
0.331055 846.23
0.331543 847.243
0.332031 848.252
0.33252 849.259
0.333008 850.262
0.333496 851.262
0.333984 852.259
0.334473 853.252
0.334961 854.243
0.335449 855.23
0.335938 856.214
0.336426 857.195
0.336914 858.173
0.337402 859.148
0.337891 860.12
0.338379 861.088
0.338867 862.053
0.339355 863.015
0.339844 863.974
0.340332 864.93
0.34082 865.883
0.341309 866.833
0.341797 867.779
0.342285 868.722
0.342773 869.663
0.343262 870.6
0.34375 871.534
0.344238 872.465
0.344727 873.392
0.345215 874.317
0.345703 875.238
0.346191 876.157
0.34668 877.072
0.347168 877.984
0.347656 878.893
0.348145 879.799
0.348633 880.702
0.349121 881.602
0.349609 882.498
0.350098 883.392
0.350586 884.282
0.351074 885.17
0.351562 886.054
0.352051 886.935
0.352539 887.813
0.353027 888.688
0.353516 889.56
0.354004 890.429
0.354492 891.295
0.35498 892.158
0.355469 893.017
0.355957 893.874
0.356445 894.727
0.356934 895.578
0.357422 896.425
0.35791 897.269
0.358398 898.11
0.358887 898.949
0.359375 899.784
0.359863 900.616
0.360352 901.445
0.36084 902.271
0.361328 903.093
0.361816 903.913
0.362305 904.73
0.362793 905.544
0.363281 906.354
0.36377 907.162
0.364258 907.967
0.364746 908.768
0.365234 909.567
0.365723 910.362
0.366211 911.155
0.366699 911.944
0.367188 912.73
0.367676 913.514
0.368164 914.294
0.368652 915.071
0.369141 915.846
0.369629 916.617
0.370117 917.385
0.370605 918.15
0.371094 918.912
0.371582 919.672
0.37207 920.428
0.372559 921.181
0.373047 921.931
0.373535 922.678
0.374023 923.422
0.374512 924.163
0.375 924.901
0.375488 925.637
0.375977 926.369
0.376465 927.098
0.376953 927.824
0.377441 928.547
0.37793 929.267
0.378418 929.984
0.378906 930.698
0.379395 931.409
0.379883 932.117
0.380371 932.823
0.380859 933.525
0.381348 934.224
0.381836 934.92
0.382324 935.613
0.382812 936.303
0.383301 936.991
0.383789 937.675
0.384277 938.356
0.384766 939.034
0.385254 939.71
0.385742 940.382
0.38623 941.052
0.386719 941.718
0.387207 942.381
0.387695 943.042
0.388184 943.699
0.388672 944.354
0.38916 945.006
0.389648 945.654
0.390137 946.3
0.390625 946.943
0.391113 947.582
0.391602 948.219
0.39209 948.853
0.392578 949.484
0.393066 950.112
0.393555 950.737
0.394043 951.359
0.394531 951.978
0.39502 952.594
0.395508 953.207
0.395996 953.817
0.396484 954.425
0.396973 955.029
0.397461 955.63
0.397949 956.229
0.398438 956.824
0.398926 957.417
0.399414 958.007
0.399902 958.593
0.400391 959.177
0.400879 959.758
0.401367 960.336
0.401855 960.911
0.402344 961.483
0.402832 962.052
0.40332 962.618
0.403809 963.182
0.404297 963.742
0.404785 964.299
0.405273 964.854
0.405762 965.406
0.40625 965.954
0.406738 966.5
0.407227 967.043
0.407715 967.583
0.408203 968.12
0.408691 968.654
0.40918 969.185
0.409668 969.713
0.410156 970.239
0.410645 970.761
0.411133 971.281
0.411621 971.797
0.412109 972.311
0.412598 972.822
0.413086 973.33
0.413574 973.835
0.414062 974.337
0.414551 974.836
0.415039 975.332
0.415527 975.826
0.416016 976.316
0.416504 976.804
0.416992 977.288
0.41748 977.77
0.417969 978.249
0.418457 978.725
0.418945 979.198
0.419434 979.669
0.419922 980.136
0.42041 980.6
0.420898 981.062
0.421387 981.521
0.421875 981.976
0.422363 982.429
0.422852 982.879
0.42334 983.326
0.423828 983.771
0.424316 984.212
0.424805 984.65
0.425293 985.086
0.425781 985.519
0.42627 985.949
0.426758 986.376
0.427246 986.8
0.427734 987.221
0.428223 987.639
0.428711 988.055
0.429199 988.467
0.429688 988.877
0.430176 989.284
0.430664 989.688
0.431152 990.089
0.431641 990.487
0.432129 990.882
0.432617 991.275
0.433105 991.664
0.433594 992.051
0.434082 992.435
0.43457 992.816
0.435059 993.194
0.435547 993.569
0.436035 993.942
0.436523 994.311
0.437012 994.678
0.4375 995.042
0.437988 995.403
0.438477 995.761
0.438965 996.116
0.439453 996.469
0.439941 996.818
0.44043 997.165
0.440918 997.509
0.441406 997.849
0.441895 998.188
0.442383 998.523
0.442871 998.855
0.443359 999.185
0.443848 999.511
0.444336 999.835
0.444824 1000.16
0.445312 1000.47
0.445801 1000.79
0.446289 1001.1
0.446777 1001.41
0.447266 1001.72
0.447754 1002.02
0.448242 1002.32
0.44873 1002.62
0.449219 1002.92
0.449707 1003.21
0.450195 1003.5
0.450684 1003.79
0.451172 1004.07
0.45166 1004.35
0.452148 1004.63
0.452637 1004.9
0.453125 1005.18
0.453613 1005.45
0.454102 1005.71
0.45459 1005.98
0.455078 1006.24
0.455566 1006.5
0.456055 1006.75
0.456543 1007.01
0.457031 1007.26
0.45752 1007.5
0.458008 1007.75
0.458496 1007.99
0.458984 1008.23
0.459473 1008.46
0.459961 1008.7
0.460449 1008.93
0.460938 1009.15
0.461426 1009.38
0.461914 1009.6
0.462402 1009.82
0.462891 1010.03
0.463379 1010.25
0.463867 1010.46
0.464355 1010.66
0.464844 1010.87
0.465332 1011.07
0.46582 1011.27
0.466309 1011.46
0.466797 1011.66
0.467285 1011.85
0.467773 1012.04
0.468262 1012.22
0.46875 1012.4
0.469238 1012.58
0.469727 1012.76
0.470215 1012.93
0.470703 1013.1
0.471191 1013.27
0.47168 1013.43
0.472168 1013.6
0.472656 1013.76
0.473145 1013.91
0.473633 1014.07
0.474121 1014.22
0.474609 1014.36
0.475098 1014.51
0.475586 1014.65
0.476074 1014.79
0.476562 1014.93
0.477051 1015.06
0.477539 1015.19
0.478027 1015.32
0.478516 1015.45
0.479004 1015.57
0.479492 1015.69
0.47998 1015.81
0.480469 1015.92
0.480957 1016.03
0.481445 1016.14
0.481934 1016.25
0.482422 1016.35
0.48291 1016.45
0.483398 1016.55
0.483887 1016.64
0.484375 1016.73
0.484863 1016.82
0.485352 1016.91
0.48584 1016.99
0.486328 1017.07
0.486816 1017.15
0.487305 1017.22
0.487793 1017.29
0.488281 1017.36
0.48877 1017.43
0.489258 1017.49
0.489746 1017.55
0.490234 1017.61
0.490723 1017.67
0.491211 1017.72
0.491699 1017.77
0.492188 1017.81
0.492676 1017.86
0.493164 1017.9
0.493652 1017.94
0.494141 1017.97
0.494629 1018
0.495117 1018.03
0.495605 1018.06
0.496094 1018.08
0.496582 1018.11
0.49707 1018.12
0.497559 1018.14
0.498047 1018.15
0.498535 1018.16
0.499023 1018.17
0.499512 1018.17
0.5 1018.17
0.500488 1018.17
0.500977 1018.17
0.501465 1018.16
0.501953 1018.15
0.502441 1018.14
0.50293 1018.12
0.503418 1018.11
0.503906 1018.08
0.504395 1018.06
0.504883 1018.03
0.505371 1018
0.505859 1017.97
0.506348 1017.94
0.506836 1017.9
0.507324 1017.86
0.507812 1017.81
0.508301 1017.77
0.508789 1017.72
0.509277 1017.67
0.509766 1017.61
0.510254 1017.55
0.510742 1017.49
0.51123 1017.43
0.511719 1017.36
0.512207 1017.29
0.512695 1017.22
0.513184 1017.15
0.513672 1017.07
0.51416 1016.99
0.514648 1016.91
0.515137 1016.82
0.515625 1016.73
0.516113 1016.64
0.516602 1016.55
0.51709 1016.45
0.517578 1016.35
0.518066 1016.25
0.518555 1016.14
0.519043 1016.03
0.519531 1015.92
0.52002 1015.81
0.520508 1015.69
0.520996 1015.57
0.521484 1015.45
0.521973 1015.32
0.522461 1015.19
0.522949 1015.06
0.523438 1014.93
0.523926 1014.79
0.524414 1014.65
0.524902 1014.51
0.525391 1014.36
0.525879 1014.22
0.526367 1014.07
0.526855 1013.91
0.527344 1013.76
0.527832 1013.6
0.52832 1013.43
0.528809 1013.27
0.529297 1013.1
0.529785 1012.93
0.530273 1012.76
0.530762 1012.58
0.53125 1012.4
0.531738 1012.22
0.532227 1012.04
0.532715 1011.85
0.533203 1011.66
0.533691 1011.46
0.53418 1011.27
0.534668 1011.07
0.535156 1010.87
0.535645 1010.66
0.536133 1010.46
0.536621 1010.25
0.537109 1010.03
0.537598 1009.82
0.538086 1009.6
0.538574 1009.38
0.539062 1009.15
0.539551 1008.93
0.540039 1008.7
0.540527 1008.46
0.541016 1008.23
0.541504 1007.99
0.541992 1007.75
0.54248 1007.5
0.542969 1007.26
0.543457 1007.01
0.543945 1006.75
0.544434 1006.5
0.544922 1006.24
0.54541 1005.98
0.545898 1005.71
0.546387 1005.45
0.546875 1005.18
0.547363 1004.9
0.547852 1004.63
0.54834 1004.35
0.548828 1004.07
0.549316 1003.79
0.549805 1003.5
0.550293 1003.21
0.550781 1002.92
0.55127 1002.62
0.551758 1002.32
0.552246 1002.02
0.552734 1001.72
0.553223 1001.41
0.553711 1001.1
0.554199 1000.79
0.554688 1000.47
0.555176 1000.16
0.555664 999.835
0.556152 999.511
0.556641 999.185
0.557129 998.855
0.557617 998.523
0.558105 998.188
0.558594 997.849
0.559082 997.509
0.55957 997.165
0.560059 996.818
0.560547 996.469
0.561035 996.116
0.561523 995.761
0.562012 995.403
0.5625 995.042
0.562988 994.678
0.563477 994.311
0.563965 993.942
0.564453 993.569
0.564941 993.194
0.56543 992.816
0.565918 992.435
0.566406 992.051
0.566895 991.664
0.567383 991.275
0.567871 990.882
0.568359 990.487
0.568848 990.089
0.569336 989.688
0.569824 989.284
0.570312 988.877
0.570801 988.467
0.571289 988.055
0.571777 987.639
0.572266 987.221
0.572754 986.8
0.573242 986.376
0.57373 985.949
0.574219 985.519
0.574707 985.086
0.575195 984.65
0.575684 984.212
0.576172 983.771
0.57666 983.326
0.577148 982.879
0.577637 982.429
0.578125 981.976
0.578613 981.521
0.579102 981.062
0.57959 980.6
0.580078 980.136
0.580566 979.669
0.581055 979.198
0.581543 978.725
0.582031 978.249
0.58252 977.77
0.583008 977.288
0.583496 976.804
0.583984 976.316
0.584473 975.826
0.584961 975.332
0.585449 974.836
0.585938 974.337
0.586426 973.835
0.586914 973.33
0.587402 972.822
0.587891 972.311
0.588379 971.797
0.588867 971.281
0.589355 970.761
0.589844 970.239
0.590332 969.713
0.59082 969.185
0.591309 968.654
0.591797 968.12
0.592285 967.583
0.592773 967.043
0.593262 966.5
0.59375 965.954
0.594238 965.406
0.594727 964.854
0.595215 964.299
0.595703 963.742
0.596191 963.182
0.59668 962.618
0.597168 962.052
0.597656 961.483
0.598145 960.911
0.598633 960.336
0.599121 959.758
0.599609 959.177
0.600098 958.593
0.600586 958.007
0.601074 957.417
0.601562 956.824
0.602051 956.229
0.602539 955.63
0.603027 955.029
0.603516 954.425
0.604004 953.817
0.604492 953.207
0.60498 952.594
0.605469 951.978
0.605957 951.359
0.606445 950.737
0.606934 950.112
0.607422 949.484
0.60791 948.853
0.608398 948.219
0.608887 947.582
0.609375 946.943
0.609863 946.3
0.610352 945.654
0.61084 945.006
0.611328 944.354
0.611816 943.699
0.612305 943.042
0.612793 942.381
0.613281 941.718
0.61377 941.052
0.614258 940.382
0.614746 939.71
0.615234 939.034
0.615723 938.356
0.616211 937.675
0.616699 936.991
0.617188 936.303
0.617676 935.613
0.618164 934.92
0.618652 934.224
0.619141 933.525
0.619629 932.823
0.620117 932.117
0.620605 931.409
0.621094 930.698
0.621582 929.984
0.62207 929.267
0.622559 928.547
0.623047 927.824
0.623535 927.098
0.624023 926.369
0.624512 925.637
0.625 924.901
0.625488 924.163
0.625977 923.422
0.626465 922.678
0.626953 921.931
0.627441 921.181
0.62793 920.428
0.628418 919.672
0.628906 918.912
0.629395 918.15
0.629883 917.385
0.630371 916.617
0.630859 915.846
0.631348 915.071
0.631836 914.294
0.632324 913.514
0.632812 912.73
0.633301 911.944
0.633789 911.155
0.634277 910.362
0.634766 909.567
0.635254 908.768
0.635742 907.967
0.63623 907.162
0.636719 906.354
0.637207 905.544
0.637695 904.73
0.638184 903.913
0.638672 903.093
0.63916 902.271
0.639648 901.445
0.640137 900.616
0.640625 899.784
0.641113 898.949
0.641602 898.11
0.64209 897.269
0.642578 896.425
0.643066 895.578
0.643555 894.727
0.644043 893.874
0.644531 893.017
0.64502 892.158
0.645508 891.295
0.645996 890.429
0.646484 889.56
0.646973 888.688
0.647461 887.813
0.647949 886.935
0.648438 886.054
0.648926 885.17
0.649414 884.282
0.649902 883.392
0.650391 882.498
0.650879 881.602
0.651367 880.702
0.651855 879.799
0.652344 878.893
0.652832 877.984
0.65332 877.072
0.653809 876.157
0.654297 875.238
0.654785 874.317
0.655273 873.392
0.655762 872.465
0.65625 871.534
0.656738 870.6
0.657227 869.663
0.657715 868.722
0.658203 867.779
0.658691 866.833
0.65918 865.883
0.659668 864.93
0.660156 863.974
0.660645 863.015
0.661133 862.053
0.661621 861.088
0.662109 860.12
0.662598 859.148
0.663086 858.173
0.663574 857.195
0.664062 856.214
0.664551 855.23
0.665039 854.243
0.665527 853.252
0.666016 852.259
0.666504 851.262
0.666992 850.262
0.66748 849.259
0.667969 848.252
0.668457 847.243
0.668945 846.23
0.669434 845.214
0.669922 844.195
0.67041 843.173
0.670898 842.148
0.671387 841.119
0.671875 840.087
0.672363 839.052
0.672852 838.014
0.67334 836.973
0.673828 835.928
0.674316 834.88
0.674805 833.829
0.675293 832.775
0.675781 831.718
0.67627 830.657
0.676758 829.593
0.677246 828.526
0.677734 827.456
0.678223 826.382
0.678711 825.305
0.679199 824.226
0.679688 823.142
0.680176 822.056
0.680664 820.966
0.681152 819.873
0.681641 818.777
0.682129 817.678
0.682617 816.575
0.683105 815.469
0.683594 814.36
0.684082 813.248
0.68457 812.132
0.685059 811.013
0.685547 809.891
0.686035 808.766
0.686523 807.637
0.687012 806.505
0.6875 805.37
0.687988 804.231
0.688477 803.089
0.688965 801.944
0.689453 800.796
0.689941 799.644
0.69043 798.489
0.690918 797.331
0.691406 796.169
0.691895 795.005
0.692383 793.836
0.692871 792.665
0.693359 791.49
0.693848 790.312
0.694336 789.131
0.694824 787.946
0.695312 786.758
0.695801 785.567
0.696289 784.372
0.696777 783.174
0.697266 781.973
0.697754 780.768
0.698242 779.56
0.69873 778.349
0.699219 777.134
0.699707 775.916
0.700195 774.695
0.700684 773.47
0.701172 772.242
0.70166 771.01
0.702148 769.775
0.702637 768.537
0.703125 767.296
0.703613 766.051
0.704102 764.803
0.70459 763.551
0.705078 762.296
0.705566 761.037
0.706055 759.775
0.706543 758.51
0.707031 757.242
0.70752 755.97
0.708008 754.694
0.708496 753.415
0.708984 752.133
0.709473 750.847
0.709961 749.558
0.710449 748.266
0.710938 746.97
0.711426 745.671
0.711914 744.368
0.712402 743.062
0.712891 741.752
0.713379 740.439
0.713867 739.123
0.714355 737.803
0.714844 736.479
0.715332 735.152
0.71582 733.822
0.716309 732.488
0.716797 731.151
0.717285 729.81
0.717773 728.466
0.718262 727.118
0.71875 725.767
0.719238 724.413
0.719727 723.055
0.720215 721.693
0.720703 720.328
0.721191 718.959
0.72168 717.587
0.722168 716.212
0.722656 714.833
0.723145 713.45
0.723633 712.064
0.724121 710.674
0.724609 709.281
0.725098 707.884
0.725586 706.484
0.726074 705.08
0.726562 703.673
0.727051 702.262
0.727539 700.848
0.728027 699.43
0.728516 698.008
0.729004 696.583
0.729492 695.155
0.72998 693.722
0.730469 692.287
0.730957 690.847
0.731445 689.404
0.731934 687.958
0.732422 686.508
0.73291 685.054
0.733398 683.597
0.733887 682.136
0.734375 680.672
0.734863 679.203
0.735352 677.732
0.73584 676.256
0.736328 674.778
0.736816 673.295
0.737305 671.809
0.737793 670.319
0.738281 668.825
0.73877 667.328
0.739258 665.828
0.739746 664.323
0.740234 662.815
0.740723 661.303
0.741211 659.788
0.741699 658.269
0.742188 656.746
0.742676 655.22
0.743164 653.69
0.743652 652.156
0.744141 650.619
0.744629 649.077
0.745117 647.532
0.745605 645.984
0.746094 644.432
0.746582 642.876
0.74707 641.316
0.747559 639.752
0.748047 638.185
0.748535 636.614
0.749023 635.04
0.749512 633.461
0.75 631.879
0.750488 630.293
0.750977 628.704
0.751465 627.11
0.751953 625.513
0.752441 623.912
0.75293 622.307
0.753418 620.699
0.753906 619.086
0.754395 617.47
0.754883 615.85
0.755371 614.227
0.755859 612.599
0.756348 610.968
0.756836 609.333
0.757324 607.694
0.757812 606.051
0.758301 604.404
0.758789 602.754
0.759277 601.099
0.759766 599.441
0.760254 597.779
0.760742 596.113
0.76123 594.443
0.761719 592.77
0.762207 591.092
0.762695 589.411
0.763184 587.726
0.763672 586.036
0.76416 584.343
0.764648 582.646
0.765137 580.945
0.765625 579.241
0.766113 577.532
0.766602 575.819
0.76709 574.103
0.767578 572.382
0.768066 570.658
0.768555 568.929
0.769043 567.197
0.769531 565.46
0.77002 563.72
0.770508 561.976
0.770996 560.228
0.771484 558.475
0.771973 556.719
0.772461 554.959
0.772949 553.195
0.773438 551.426
0.773926 549.654
0.774414 547.878
0.774902 546.097
0.775391 544.313
0.775879 542.525
0.776367 540.732
0.776855 538.936
0.777344 537.135
0.777832 535.33
0.77832 533.522
0.778809 531.709
0.779297 529.892
0.779785 528.071
0.780273 526.246
0.780762 524.417
0.78125 522.583
0.781738 520.746
0.782227 518.905
0.782715 517.059
0.783203 515.209
0.783691 513.355
0.78418 511.497
0.784668 509.635
0.785156 507.768
0.785645 505.898
0.786133 504.023
0.786621 502.144
0.787109 500.261
0.787598 498.374
0.788086 496.482
0.788574 494.586
0.789062 492.686
0.789551 490.782
0.790039 488.874
0.790527 486.961
0.791016 485.044
0.791504 483.123
0.791992 481.197
0.79248 479.268
0.792969 477.334
0.793457 475.395
0.793945 473.453
0.794434 471.506
0.794922 469.555
0.79541 467.599
0.795898 465.639
0.796387 463.675
0.796875 461.706
0.797363 459.734
0.797852 457.756
0.79834 455.775
0.798828 453.789
0.799316 451.798
0.799805 449.804
0.800293 447.805
0.800781 445.801
0.80127 443.793
0.801758 441.781
0.802246 439.764
0.802734 437.743
0.803223 435.717
0.803711 433.687
0.804199 431.652
0.804688 429.613
0.805176 427.57
0.805664 425.522
0.806152 423.469
0.806641 421.412
0.807129 419.351
0.807617 417.285
0.808105 415.214
0.808594 413.139
0.809082 411.06
0.80957 408.975
0.810059 406.887
0.810547 404.793
0.811035 402.695
0.811523 400.593
0.812012 398.486
0.8125 396.374
0.812988 394.258
0.813477 392.137
0.813965 390.011
0.814453 387.881
0.814941 385.746
0.81543 383.606
0.815918 381.462
0.816406 379.313
0.816895 377.16
0.817383 375.001
0.817871 372.838
0.818359 370.67
0.818848 368.498
0.819336 366.321
0.819824 364.139
0.820312 361.952
0.820801 359.76
0.821289 357.564
0.821777 355.363
0.822266 353.157
0.822754 350.946
0.823242 348.731
0.82373 346.51
0.824219 344.285
0.824707 342.055
0.825195 339.82
0.825684 337.58
0.826172 335.336
0.82666 333.086
0.827148 330.832
0.827637 328.572
0.828125 326.308
0.828613 324.038
0.829102 321.764
0.82959 319.485
0.830078 317.201
0.830566 314.912
0.831055 312.617
0.831543 310.318
0.832031 308.014
0.83252 305.705
0.833008 303.39
0.833496 301.071
0.833984 298.747
0.834473 296.417
0.834961 294.083
0.835449 291.743
0.835938 289.398
0.836426 287.048
0.836914 284.693
0.837402 282.333
0.837891 279.968
0.838379 277.597
0.838867 275.222
0.839355 272.841
0.839844 270.455
0.840332 268.063
0.84082 265.667
0.841309 263.265
0.841797 260.858
0.842285 258.445
0.842773 256.028
0.843262 253.605
0.84375 251.177
0.844238 248.743
0.844727 246.304
0.845215 243.86
0.845703 241.411
0.846191 238.956
0.84668 236.495
0.847168 234.03
0.847656 231.559
0.848145 229.082
0.848633 226.6
0.849121 224.113
0.849609 221.62
0.850098 219.122
0.850586 216.618
0.851074 214.109
0.851562 211.594
0.852051 209.073
0.852539 206.548
0.853027 204.016
0.853516 201.48
0.854004 198.937
0.854492 196.389
0.85498 193.836
0.855469 191.276
0.855957 188.712
0.856445 186.142
0.856934 183.566
0.857422 180.984
0.85791 178.397
0.858398 175.804
0.858887 173.206
0.859375 170.602
0.859863 167.992
0.860352 165.377
0.86084 162.756
0.861328 160.13
0.861816 157.498
0.862305 154.86
0.862793 152.217
0.863281 149.568
0.86377 146.913
0.864258 144.253
0.864746 141.587
0.865234 138.916
0.865723 136.239
0.866211 133.557
0.866699 130.869
0.867188 128.175
0.867676 125.477
0.868164 122.772
0.868652 120.063
0.869141 117.348
0.869629 114.628
0.870117 111.903
0.870605 109.172
0.871094 106.437
0.871582 103.696
0.87207 100.951
0.872559 98.2006
0.873047 95.4456
0.873535 92.6859
0.874023 89.9218
0.874512 87.1533
0.875 84.3806
0.875488 81.6037
0.875977 78.823
0.876465 76.0384
0.876953 73.2504
0.877441 70.4589
0.87793 67.6643
0.878418 64.8668
0.878906 62.0666
0.879395 59.264
0.879883 56.4593
0.880371 53.6528
0.880859 50.8448
0.881348 48.0356
0.881836 45.2256
0.882324 42.4151
0.882812 39.6046
0.883301 36.7944
0.883789 33.985
0.884277 31.1767
0.884766 28.3702
0.885254 25.5658
0.885742 22.764
0.88623 19.9653
0.886719 17.1702
0.887207 14.3794
0.887695 11.5932
0.888184 8.81225
0.888672 6.03712
0.88916 3.26835
0.889648 0.506535
0.890137 -2.24776
0.890625 -4.99396
0.891113 -7.73146
0.891602 -10.4597
0.89209 -13.178
0.892578 -15.8858
0.893066 -18.5825
0.893555 -21.2671
0.894043 -23.9371
0.894531 -26.5797
0.89502 -29.1245
0.895508 -31.2573
0.895996 -32.4088
0.896484 -32.747
0.896973 -32.8305
0.897461 -32.8643
0.897949 -32.8896
0.898438 -32.9133
0.898926 -32.9367
0.899414 -32.96
0.899902 -32.9833
0.900391 -33.0065
0.900879 -33.0297
0.901367 -33.0528
0.901855 -33.0759
0.902344 -33.0989
0.902832 -33.1219
0.90332 -33.1448
0.903809 -33.1677
0.904297 -33.1905
0.904785 -33.2133
0.905273 -33.2361
0.905762 -33.2588
0.90625 -33.2814
0.906738 -33.304
0.907227 -33.3266
0.907715 -33.3491
0.908203 -33.3716
0.908691 -33.394
0.90918 -33.4164
0.909668 -33.4388
0.910156 -33.4611
0.910645 -33.4833
0.911133 -33.5055
0.911621 -33.5277
0.912109 -33.5498
0.912598 -33.5719
0.913086 -33.5939
0.913574 -33.6159
0.914062 -33.6379
0.914551 -33.6598
0.915039 -33.6817
0.915527 -33.7035
0.916016 -33.7253
0.916504 -33.747
0.916992 -33.7687
0.91748 -33.7904
0.917969 -33.812
0.918457 -33.8336
0.918945 -33.8551
0.919434 -33.8766
0.919922 -33.8981
0.92041 -33.9195
0.920898 -33.9409
0.921387 -33.9622
0.921875 -33.9835
0.922363 -34.0048
0.922852 -34.026
0.92334 -34.0472
0.923828 -34.0683
0.924316 -34.0894
0.924805 -34.1105
0.925293 -34.1315
0.925781 -34.1525
0.92627 -34.1735
0.926758 -34.1944
0.927246 -34.2153
0.927734 -34.2361
0.928223 -34.2569
0.928711 -34.2777
0.929199 -34.2984
0.929688 -34.3191
0.930176 -34.3398
0.930664 -34.3604
0.931152 -34.381
0.931641 -34.4015
0.932129 -34.422
0.932617 -34.4425
0.933105 -34.4629
0.933594 -34.4833
0.934082 -34.5037
0.93457 -34.524
0.935059 -34.5443
0.935547 -34.5646
0.936035 -34.5848
0.936523 -34.605
0.937012 -34.6252
0.9375 -34.6453
0.937988 -34.6654
0.938477 -34.6855
0.938965 -34.7055
0.939453 -34.7255
0.939941 -34.7455
0.94043 -34.7654
0.940918 -34.7853
0.941406 -34.8052
0.941895 -34.825
0.942383 -34.8448
0.942871 -34.8646
0.943359 -34.8843
0.943848 -34.904
0.944336 -34.9237
0.944824 -34.9433
0.945312 -34.9629
0.945801 -34.9825
0.946289 -35.0021
0.946777 -35.0216
0.947266 -35.0411
0.947754 -35.0605
0.948242 -35.0799
0.94873 -35.0993
0.949219 -35.1187
0.949707 -35.138
0.950195 -35.1573
0.950684 -35.1766
0.951172 -35.1959
0.95166 -35.2151
0.952148 -35.2343
0.952637 -35.2534
0.953125 -35.2726
0.953613 -35.2917
0.954102 -35.3107
0.95459 -35.3298
0.955078 -35.3488
0.955566 -35.3678
0.956055 -35.3868
0.956543 -35.4057
0.957031 -35.4246
0.95752 -35.4435
0.958008 -35.4623
0.958496 -35.4812
0.958984 -35.5
0.959473 -35.5188
0.959961 -35.5375
0.960449 -35.5562
0.960938 -35.5749
0.961426 -35.5936
0.961914 -35.6122
0.962402 -35.6308
0.962891 -35.6494
0.963379 -35.668
0.963867 -35.6866
0.964355 -35.7051
0.964844 -35.7236
0.965332 -35.742
0.96582 -35.7605
0.966309 -35.7789
0.966797 -35.7973
0.967285 -35.8157
0.967773 -35.834
0.968262 -35.8523
0.96875 -35.8706
0.969238 -35.8889
0.969727 -35.9072
0.970215 -35.9254
0.970703 -35.9436
0.971191 -35.9618
0.97168 -35.9799
0.972168 -35.9981
0.972656 -36.0162
0.973145 -36.0343
0.973633 -36.0524
0.974121 -36.0704
0.974609 -36.0884
0.975098 -36.1064
0.975586 -36.1244
0.976074 -36.1424
0.976562 -36.1603
0.977051 -36.1783
0.977539 -36.1962
0.978027 -36.214
0.978516 -36.2319
0.979004 -36.2497
0.979492 -36.2676
0.97998 -36.2854
0.980469 -36.3032
0.980957 -36.3209
0.981445 -36.3387
0.981934 -36.3564
0.982422 -36.3741
0.98291 -36.3918
0.983398 -36.4094
0.983887 -36.4271
0.984375 -36.4447
0.984863 -36.4623
0.985352 -36.4799
0.98584 -36.4975
0.986328 -36.515
0.986816 -36.5326
0.987305 -36.5501
0.987793 -36.5676
0.988281 -36.5851
0.98877 -36.6026
0.989258 -36.62
0.989746 -36.6374
0.990234 -36.6549
0.990723 -36.6723
0.991211 -36.6896
0.991699 -36.707
0.992188 -36.7244
0.992676 -36.7417
0.993164 -36.759
0.993652 -36.7763
0.994141 -36.7936
0.994629 -36.8109
0.995117 -36.8282
0.995605 -36.8454
0.996094 -36.8626
0.996582 -36.8799
0.99707 -36.8971
0.997559 -36.9143
0.998047 -36.9314
0.998535 -36.9486
0.999023 -36.9657
0.999512 -36.9829
1 -37
------------
