k:1024_n:2048_sigma:64_iters:2
Printing log2 count distribution: 
0 -inf
0.000488281 -57
0.000976562 -54.7138
0.00146484 -52.7934
0.00195312 -51.1076
0.00244141 -49.5897
0.00292969 -48.1997
0.00341797 -46.9116
0.00390625 -45.7071
0.00439453 -44.5729
0.00488281 -43.499
0.00537109 -42.4774
0.00585938 -41.5019
0.00634766 -40.5672
0.00683594 -39.6693
0.00732422 -38.8046
0.0078125 -37.97
0.00830078 -37.1629
0.00878906 -36.3812
0.00927734 -35.6228
0.00976562 -34.8861
0.0102539 -34.1696
0.0107422 -33.4719
0.0112305 -32.7918
0.0117188 -32.1283
0.012207 -31.4803
0.0126953 -30.847
0.0131836 -30.2275
0.0136719 -29.6213
0.0141602 -29.0275
0.0146484 -28.4455
0.0151367 -27.8749
0.015625 -27.315
0.0161133 -26.7655
0.0166016 -26.2258
0.0170898 -25.6955
0.0175781 -25.1742
0.0180664 -24.6616
0.0185547 -24.1574
0.019043 -23.6611
0.0195312 -23.1726
0.0200195 -22.6915
0.0205078 -22.2176
0.0209961 -21.7506
0.0214844 -21.2903
0.0219727 -20.8365
0.0224609 -20.3889
0.0229492 -19.9473
0.0234375 -19.5117
0.0239258 -19.0817
0.0244141 -18.6572
0.0249023 -18.2381
0.0253906 -17.8242
0.0258789 -17.4154
0.0263672 -17.0115
0.0268555 -16.6123
0.0273438 -16.2178
0.027832 -15.8278
0.0283203 -15.4422
0.0288086 -15.0609
0.0292969 -14.6838
0.0297852 -14.3108
0.0302734 -13.9418
0.0307617 -13.5767
0.03125 -13.2153
0.0317383 -12.8577
0.0322266 -12.5036
0.0327148 -12.1531
0.0332031 -11.8061
0.0336914 -11.4624
0.0341797 -11.122
0.034668 -10.7848
0.0351562 -10.4508
0.0356445 -10.1198
0.0361328 -9.79178
0.0366211 -9.46667
0.0371094 -9.14437
0.0375977 -8.82481
0.0380859 -8.50788
0.0385742 -8.19349
0.0390625 -7.88154
0.0395508 -7.5719
0.0400391 -7.26444
0.0405273 -6.95901
0.0410156 -6.65544
0.0415039 -6.35353
0.0419922 -6.05304
0.0424805 -5.75372
0.0429688 -5.45523
0.043457 -5.15722
0.0439453 -4.85924
0.0444336 -4.5608
0.0449219 -4.26132
0.0454102 -3.96012
0.0458984 -3.65646
0.0463867 -3.34946
0.046875 -3.0382
0.0473633 -2.72165
0.0478516 -2.39872
0.0483398 -2.06831
0.0488281 -1.7293
0.0493164 -1.38063
0.0498047 -1.02136
0.050293 -0.650671
0.0507812 -0.267969
0.0512695 0.127129
0.0517578 0.534764
0.0522461 0.954851
0.0527344 1.38711
0.0532227 1.83109
0.0537109 2.28628
0.0541992 2.75212
0.0546875 3.22805
0.0551758 3.71362
0.0556641 4.20848
0.0561523 4.71242
0.0566406 5.22535
0.0571289 5.74736
0.0576172 6.27866
0.0581055 6.81955
0.0585938 7.3704
0.059082 7.93161
0.0595703 8.50355
0.0600586 9.08654
0.0605469 9.68078
0.0610352 10.2864
0.0615234 10.9033
0.0620117 11.5313
0.0625 12.1702
0.0629883 12.8195
0.0634766 13.479
0.0639648 14.1481
0.0644531 14.8265
0.0649414 15.514
0.0654297 16.2101
0.065918 16.915
0.0664062 17.6284
0.0668945 18.3506
0.0673828 19.0816
0.0678711 19.8217
0.0683594 20.5711
0.0688477 21.3301
0.0693359 22.0989
0.0698242 22.8776
0.0703125 23.6662
0.0708008 24.4647
0.0712891 25.2731
0.0717773 26.091
0.0722656 26.9183
0.0727539 27.7546
0.0732422 28.5997
0.0737305 29.4532
0.0742188 30.315
0.074707 31.1849
0.0751953 32.0628
0.0756836 32.9486
0.0761719 33.8425
0.0766602 34.7445
0.0771484 35.6548
0.0776367 36.5736
0.078125 37.5009
0.0786133 38.437
0.0791016 39.3819
0.0795898 40.3357
0.0800781 41.2982
0.0805664 42.2694
0.0810547 43.2492
0.081543 44.2373
0.0820312 45.2335
0.0825195 46.2375
0.0830078 47.2493
0.0834961 48.2686
0.0839844 49.2954
0.0844727 50.3294
0.0849609 51.3709
0.0854492 52.4197
0.0859375 53.476
0.0864258 54.5399
0.0869141 55.6115
0.0874023 56.6908
0.0878906 57.7781
0.0883789 58.8733
0.0888672 59.9764
0.0893555 61.0874
0.0898438 62.2061
0.090332 63.3326
0.0908203 64.4665
0.0913086 65.6077
0.0917969 66.7561
0.0922852 67.9115
0.0927734 69.0738
0.0932617 70.2429
0.09375 71.4187
0.0942383 72.6014
0.0947266 73.7909
0.0952148 74.9873
0.0957031 76.1906
0.0961914 77.401
0.0966797 78.6185
0.097168 79.8431
0.0976562 81.075
0.0981445 82.314
0.0986328 83.5601
0.0991211 84.8132
0.0996094 86.0733
0.100098 87.3402
0.100586 88.6137
0.101074 89.8937
0.101562 91.1802
0.102051 92.473
0.102539 93.7721
0.103027 95.0775
0.103516 96.3891
0.104004 97.7071
0.104492 99.0314
0.10498 100.362
0.105469 101.699
0.105957 103.043
0.106445 104.393
0.106934 105.75
0.107422 107.113
0.10791 108.483
0.108398 109.859
0.108887 111.242
0.109375 112.63
0.109863 114.025
0.110352 115.426
0.11084 116.833
0.111328 118.245
0.111816 119.663
0.112305 121.088
0.112793 122.518
0.113281 123.953
0.11377 125.395
0.114258 126.843
0.114746 128.296
0.115234 129.756
0.115723 131.221
0.116211 132.693
0.116699 134.17
0.117188 135.653
0.117676 137.143
0.118164 138.638
0.118652 140.138
0.119141 141.645
0.119629 143.156
0.120117 144.674
0.120605 146.196
0.121094 147.725
0.121582 149.258
0.12207 150.797
0.122559 152.341
0.123047 153.891
0.123535 155.446
0.124023 157.006
0.124512 158.573
0.125 160.144
0.125488 161.721
0.125977 163.304
0.126465 164.892
0.126953 166.485
0.127441 168.084
0.12793 169.688
0.128418 171.297
0.128906 172.911
0.129395 174.53
0.129883 176.154
0.130371 177.784
0.130859 179.418
0.131348 181.057
0.131836 182.701
0.132324 184.35
0.132812 186.004
0.133301 187.663
0.133789 189.328
0.134277 190.997
0.134766 192.671
0.135254 194.35
0.135742 196.035
0.13623 197.724
0.136719 199.418
0.137207 201.117
0.137695 202.821
0.138184 204.529
0.138672 206.242
0.13916 207.96
0.139648 209.682
0.140137 211.409
0.140625 213.14
0.141113 214.876
0.141602 216.616
0.14209 218.362
0.142578 220.111
0.143066 221.865
0.143555 223.624
0.144043 225.388
0.144531 227.156
0.14502 228.929
0.145508 230.706
0.145996 232.487
0.146484 234.273
0.146973 236.064
0.147461 237.858
0.147949 239.657
0.148438 241.461
0.148926 243.268
0.149414 245.079
0.149902 246.895
0.150391 248.715
0.150879 250.539
0.151367 252.367
0.151855 254.199
0.152344 256.035
0.152832 257.876
0.15332 259.72
0.153809 261.569
0.154297 263.422
0.154785 265.279
0.155273 267.14
0.155762 269.005
0.15625 270.874
0.156738 272.747
0.157227 274.624
0.157715 276.504
0.158203 278.388
0.158691 280.276
0.15918 282.168
0.159668 284.063
0.160156 285.962
0.160645 287.864
0.161133 289.77
0.161621 291.68
0.162109 293.593
0.162598 295.51
0.163086 297.431
0.163574 299.355
0.164062 301.283
0.164551 303.215
0.165039 305.15
0.165527 307.088
0.166016 309.03
0.166504 310.975
0.166992 312.923
0.16748 314.875
0.167969 316.829
0.168457 318.787
0.168945 320.748
0.169434 322.712
0.169922 324.679
0.17041 326.649
0.170898 328.621
0.171387 330.597
0.171875 332.576
0.172363 334.558
0.172852 336.542
0.17334 338.53
0.173828 340.52
0.174316 342.514
0.174805 344.51
0.175293 346.508
0.175781 348.51
0.17627 350.514
0.176758 352.52
0.177246 354.529
0.177734 356.54
0.178223 358.553
0.178711 360.569
0.179199 362.586
0.179688 364.606
0.180176 366.627
0.180664 368.651
0.181152 370.676
0.181641 372.703
0.182129 374.731
0.182617 376.762
0.183105 378.794
0.183594 380.828
0.184082 382.863
0.18457 384.9
0.185059 386.938
0.185547 388.977
0.186035 391.018
0.186523 393.06
0.187012 395.102
0.1875 397.146
0.187988 399.19
0.188477 401.234
0.188965 403.279
0.189453 405.323
0.189941 407.368
0.19043 409.411
0.190918 411.454
0.191406 413.496
0.191895 415.537
0.192383 417.576
0.192871 419.613
0.193359 421.649
0.193848 423.683
0.194336 425.714
0.194824 427.743
0.195312 429.769
0.195801 431.792
0.196289 433.812
0.196777 435.83
0.197266 437.844
0.197754 439.855
0.198242 441.862
0.19873 443.866
0.199219 445.867
0.199707 447.863
0.200195 449.857
0.200684 451.846
0.201172 453.831
0.20166 455.813
0.202148 457.79
0.202637 459.764
0.203125 461.734
0.203613 463.7
0.204102 465.661
0.20459 467.619
0.205078 469.572
0.205566 471.522
0.206055 473.467
0.206543 475.408
0.207031 477.345
0.20752 479.278
0.208008 481.207
0.208496 483.131
0.208984 485.051
0.209473 486.968
0.209961 488.88
0.210449 490.787
0.210938 492.691
0.211426 494.591
0.211914 496.486
0.212402 498.377
0.212891 500.264
0.213379 502.147
0.213867 504.026
0.214355 505.9
0.214844 507.77
0.215332 509.637
0.21582 511.499
0.216309 513.357
0.216797 515.21
0.217285 517.06
0.217773 518.906
0.218262 520.747
0.21875 522.584
0.219238 524.418
0.219727 526.247
0.220215 528.072
0.220703 529.893
0.221191 531.709
0.22168 533.522
0.222168 535.331
0.222656 537.135
0.223145 538.936
0.223633 540.732
0.224121 542.525
0.224609 544.313
0.225098 546.098
0.225586 547.878
0.226074 549.654
0.226562 551.426
0.227051 553.195
0.227539 554.959
0.228027 556.719
0.228516 558.475
0.229004 560.228
0.229492 561.976
0.22998 563.72
0.230469 565.461
0.230957 567.197
0.231445 568.929
0.231934 570.658
0.232422 572.382
0.23291 574.103
0.233398 575.819
0.233887 577.532
0.234375 579.241
0.234863 580.946
0.235352 582.646
0.23584 584.343
0.236328 586.036
0.236816 587.726
0.237305 589.411
0.237793 591.092
0.238281 592.77
0.23877 594.443
0.239258 596.113
0.239746 597.779
0.240234 599.441
0.240723 601.099
0.241211 602.754
0.241699 604.404
0.242188 606.051
0.242676 607.694
0.243164 609.333
0.243652 610.968
0.244141 612.599
0.244629 614.227
0.245117 615.85
0.245605 617.47
0.246094 619.086
0.246582 620.699
0.24707 622.307
0.247559 623.912
0.248047 625.513
0.248535 627.11
0.249023 628.704
0.249512 630.293
0.25 631.879
0.250488 633.461
0.250977 635.04
0.251465 636.614
0.251953 638.185
0.252441 639.752
0.25293 641.316
0.253418 642.876
0.253906 644.432
0.254395 645.984
0.254883 647.532
0.255371 649.077
0.255859 650.619
0.256348 652.156
0.256836 653.69
0.257324 655.22
0.257812 656.746
0.258301 658.269
0.258789 659.788
0.259277 661.303
0.259766 662.815
0.260254 664.323
0.260742 665.828
0.26123 667.328
0.261719 668.825
0.262207 670.319
0.262695 671.809
0.263184 673.295
0.263672 674.778
0.26416 676.256
0.264648 677.732
0.265137 679.203
0.265625 680.672
0.266113 682.136
0.266602 683.597
0.26709 685.054
0.267578 686.508
0.268066 687.958
0.268555 689.404
0.269043 690.847
0.269531 692.287
0.27002 693.722
0.270508 695.155
0.270996 696.583
0.271484 698.008
0.271973 699.43
0.272461 700.848
0.272949 702.262
0.273438 703.673
0.273926 705.08
0.274414 706.484
0.274902 707.884
0.275391 709.281
0.275879 710.674
0.276367 712.064
0.276855 713.45
0.277344 714.833
0.277832 716.212
0.27832 717.587
0.278809 718.959
0.279297 720.328
0.279785 721.693
0.280273 723.055
0.280762 724.413
0.28125 725.767
0.281738 727.118
0.282227 728.466
0.282715 729.81
0.283203 731.151
0.283691 732.488
0.28418 733.822
0.284668 735.152
0.285156 736.479
0.285645 737.803
0.286133 739.123
0.286621 740.439
0.287109 741.752
0.287598 743.062
0.288086 744.368
0.288574 745.671
0.289062 746.97
0.289551 748.266
0.290039 749.558
0.290527 750.847
0.291016 752.133
0.291504 753.415
0.291992 754.694
0.29248 755.97
0.292969 757.242
0.293457 758.51
0.293945 759.775
0.294434 761.037
0.294922 762.296
0.29541 763.551
0.295898 764.803
0.296387 766.051
0.296875 767.296
0.297363 768.537
0.297852 769.775
0.29834 771.01
0.298828 772.242
0.299316 773.47
0.299805 774.695
0.300293 775.916
0.300781 777.134
0.30127 778.349
0.301758 779.56
0.302246 780.768
0.302734 781.973
0.303223 783.174
0.303711 784.372
0.304199 785.567
0.304688 786.758
0.305176 787.946
0.305664 789.131
0.306152 790.312
0.306641 791.49
0.307129 792.665
0.307617 793.836
0.308105 795.005
0.308594 796.169
0.309082 797.331
0.30957 798.489
0.310059 799.644
0.310547 800.796
0.311035 801.944
0.311523 803.089
0.312012 804.231
0.3125 805.37
0.312988 806.505
0.313477 807.637
0.313965 808.766
0.314453 809.891
0.314941 811.013
0.31543 812.132
0.315918 813.248
0.316406 814.36
0.316895 815.469
0.317383 816.575
0.317871 817.678
0.318359 818.777
0.318848 819.873
0.319336 820.966
0.319824 822.056
0.320312 823.142
0.320801 824.226
0.321289 825.305
0.321777 826.382
0.322266 827.456
0.322754 828.526
0.323242 829.593
0.32373 830.657
0.324219 831.718
0.324707 832.775
0.325195 833.829
0.325684 834.88
0.326172 835.928
0.32666 836.973
0.327148 838.014
0.327637 839.052
0.328125 840.087
0.328613 841.119
0.329102 842.148
0.32959 843.173
0.330078 844.195
0.330566 845.214
0.331055 846.23
0.331543 847.243
0.332031 848.252
0.33252 849.259
0.333008 850.262
0.333496 851.262
0.333984 852.259
0.334473 853.252
0.334961 854.243
0.335449 855.23
0.335938 856.214
0.336426 857.195
0.336914 858.173
0.337402 859.148
0.337891 860.12
0.338379 861.088
0.338867 862.053
0.339355 863.015
0.339844 863.974
0.340332 864.93
0.34082 865.883
0.341309 866.833
0.341797 867.779
0.342285 868.722
0.342773 869.663
0.343262 870.6
0.34375 871.534
0.344238 872.465
0.344727 873.392
0.345215 874.317
0.345703 875.238
0.346191 876.157
0.34668 877.072
0.347168 877.984
0.347656 878.893
0.348145 879.799
0.348633 880.702
0.349121 881.602
0.349609 882.498
0.350098 883.392
0.350586 884.282
0.351074 885.17
0.351562 886.054
0.352051 886.935
0.352539 887.813
0.353027 888.688
0.353516 889.56
0.354004 890.429
0.354492 891.295
0.35498 892.158
0.355469 893.017
0.355957 893.874
0.356445 894.727
0.356934 895.578
0.357422 896.425
0.35791 897.269
0.358398 898.11
0.358887 898.949
0.359375 899.784
0.359863 900.616
0.360352 901.445
0.36084 902.271
0.361328 903.093
0.361816 903.913
0.362305 904.73
0.362793 905.544
0.363281 906.354
0.36377 907.162
0.364258 907.967
0.364746 908.768
0.365234 909.567
0.365723 910.362
0.366211 911.155
0.366699 911.944
0.367188 912.73
0.367676 913.514
0.368164 914.294
0.368652 915.071
0.369141 915.846
0.369629 916.617
0.370117 917.385
0.370605 918.15
0.371094 918.912
0.371582 919.672
0.37207 920.428
0.372559 921.181
0.373047 921.931
0.373535 922.678
0.374023 923.422
0.374512 924.163
0.375 924.901
0.375488 925.637
0.375977 926.369
0.376465 927.098
0.376953 927.824
0.377441 928.547
0.37793 929.267
0.378418 929.984
0.378906 930.698
0.379395 931.409
0.379883 932.117
0.380371 932.823
0.380859 933.525
0.381348 934.224
0.381836 934.92
0.382324 935.613
0.382812 936.303
0.383301 936.991
0.383789 937.675
0.384277 938.356
0.384766 939.034
0.385254 939.71
0.385742 940.382
0.38623 941.052
0.386719 941.718
0.387207 942.381
0.387695 943.042
0.388184 943.699
0.388672 944.354
0.38916 945.006
0.389648 945.654
0.390137 946.3
0.390625 946.943
0.391113 947.582
0.391602 948.219
0.39209 948.853
0.392578 949.484
0.393066 950.112
0.393555 950.737
0.394043 951.359
0.394531 951.978
0.39502 952.594
0.395508 953.207
0.395996 953.817
0.396484 954.425
0.396973 955.029
0.397461 955.63
0.397949 956.229
0.398438 956.824
0.398926 957.417
0.399414 958.007
0.399902 958.593
0.400391 959.177
0.400879 959.758
0.401367 960.336
0.401855 960.911
0.402344 961.483
0.402832 962.052
0.40332 962.618
0.403809 963.182
0.404297 963.742
0.404785 964.299
0.405273 964.854
0.405762 965.406
0.40625 965.954
0.406738 966.5
0.407227 967.043
0.407715 967.583
0.408203 968.12
0.408691 968.654
0.40918 969.185
0.409668 969.713
0.410156 970.239
0.410645 970.761
0.411133 971.281
0.411621 971.797
0.412109 972.311
0.412598 972.822
0.413086 973.33
0.413574 973.835
0.414062 974.337
0.414551 974.836
0.415039 975.332
0.415527 975.826
0.416016 976.316
0.416504 976.804
0.416992 977.288
0.41748 977.77
0.417969 978.249
0.418457 978.725
0.418945 979.198
0.419434 979.669
0.419922 980.136
0.42041 980.6
0.420898 981.062
0.421387 981.521
0.421875 981.976
0.422363 982.429
0.422852 982.879
0.42334 983.326
0.423828 983.771
0.424316 984.212
0.424805 984.65
0.425293 985.086
0.425781 985.519
0.42627 985.949
0.426758 986.376
0.427246 986.8
0.427734 987.221
0.428223 987.639
0.428711 988.055
0.429199 988.467
0.429688 988.877
0.430176 989.284
0.430664 989.688
0.431152 990.089
0.431641 990.487
0.432129 990.882
0.432617 991.275
0.433105 991.664
0.433594 992.051
0.434082 992.435
0.43457 992.816
0.435059 993.194
0.435547 993.569
0.436035 993.942
0.436523 994.311
0.437012 994.678
0.4375 995.042
0.437988 995.403
0.438477 995.761
0.438965 996.116
0.439453 996.469
0.439941 996.818
0.44043 997.165
0.440918 997.509
0.441406 997.849
0.441895 998.188
0.442383 998.523
0.442871 998.855
0.443359 999.185
0.443848 999.511
0.444336 999.835
0.444824 1000.16
0.445312 1000.47
0.445801 1000.79
0.446289 1001.1
0.446777 1001.41
0.447266 1001.72
0.447754 1002.02
0.448242 1002.32
0.44873 1002.62
0.449219 1002.92
0.449707 1003.21
0.450195 1003.5
0.450684 1003.79
0.451172 1004.07
0.45166 1004.35
0.452148 1004.63
0.452637 1004.9
0.453125 1005.18
0.453613 1005.45
0.454102 1005.71
0.45459 1005.98
0.455078 1006.24
0.455566 1006.5
0.456055 1006.75
0.456543 1007.01
0.457031 1007.26
0.45752 1007.5
0.458008 1007.75
0.458496 1007.99
0.458984 1008.23
0.459473 1008.46
0.459961 1008.7
0.460449 1008.93
0.460938 1009.15
0.461426 1009.38
0.461914 1009.6
0.462402 1009.82
0.462891 1010.03
0.463379 1010.25
0.463867 1010.46
0.464355 1010.66
0.464844 1010.87
0.465332 1011.07
0.46582 1011.27
0.466309 1011.46
0.466797 1011.66
0.467285 1011.85
0.467773 1012.04
0.468262 1012.22
0.46875 1012.4
0.469238 1012.58
0.469727 1012.76
0.470215 1012.93
0.470703 1013.1
0.471191 1013.27
0.47168 1013.43
0.472168 1013.6
0.472656 1013.76
0.473145 1013.91
0.473633 1014.07
0.474121 1014.22
0.474609 1014.36
0.475098 1014.51
0.475586 1014.65
0.476074 1014.79
0.476562 1014.93
0.477051 1015.06
0.477539 1015.19
0.478027 1015.32
0.478516 1015.45
0.479004 1015.57
0.479492 1015.69
0.47998 1015.81
0.480469 1015.92
0.480957 1016.03
0.481445 1016.14
0.481934 1016.25
0.482422 1016.35
0.48291 1016.45
0.483398 1016.55
0.483887 1016.64
0.484375 1016.73
0.484863 1016.82
0.485352 1016.91
0.48584 1016.99
0.486328 1017.07
0.486816 1017.15
0.487305 1017.22
0.487793 1017.29
0.488281 1017.36
0.48877 1017.43
0.489258 1017.49
0.489746 1017.55
0.490234 1017.61
0.490723 1017.67
0.491211 1017.72
0.491699 1017.77
0.492188 1017.81
0.492676 1017.86
0.493164 1017.9
0.493652 1017.94
0.494141 1017.97
0.494629 1018
0.495117 1018.03
0.495605 1018.06
0.496094 1018.08
0.496582 1018.11
0.49707 1018.12
0.497559 1018.14
0.498047 1018.15
0.498535 1018.16
0.499023 1018.17
0.499512 1018.17
0.5 1018.17
0.500488 1018.17
0.500977 1018.17
0.501465 1018.16
0.501953 1018.15
0.502441 1018.14
0.50293 1018.12
0.503418 1018.11
0.503906 1018.08
0.504395 1018.06
0.504883 1018.03
0.505371 1018
0.505859 1017.97
0.506348 1017.94
0.506836 1017.9
0.507324 1017.86
0.507812 1017.81
0.508301 1017.77
0.508789 1017.72
0.509277 1017.67
0.509766 1017.61
0.510254 1017.55
0.510742 1017.49
0.51123 1017.43
0.511719 1017.36
0.512207 1017.29
0.512695 1017.22
0.513184 1017.15
0.513672 1017.07
0.51416 1016.99
0.514648 1016.91
0.515137 1016.82
0.515625 1016.73
0.516113 1016.64
0.516602 1016.55
0.51709 1016.45
0.517578 1016.35
0.518066 1016.25
0.518555 1016.14
0.519043 1016.03
0.519531 1015.92
0.52002 1015.81
0.520508 1015.69
0.520996 1015.57
0.521484 1015.45
0.521973 1015.32
0.522461 1015.19
0.522949 1015.06
0.523438 1014.93
0.523926 1014.79
0.524414 1014.65
0.524902 1014.51
0.525391 1014.36
0.525879 1014.22
0.526367 1014.07
0.526855 1013.91
0.527344 1013.76
0.527832 1013.6
0.52832 1013.43
0.528809 1013.27
0.529297 1013.1
0.529785 1012.93
0.530273 1012.76
0.530762 1012.58
0.53125 1012.4
0.531738 1012.22
0.532227 1012.04
0.532715 1011.85
0.533203 1011.66
0.533691 1011.46
0.53418 1011.27
0.534668 1011.07
0.535156 1010.87
0.535645 1010.66
0.536133 1010.46
0.536621 1010.25
0.537109 1010.03
0.537598 1009.82
0.538086 1009.6
0.538574 1009.38
0.539062 1009.15
0.539551 1008.93
0.540039 1008.7
0.540527 1008.46
0.541016 1008.23
0.541504 1007.99
0.541992 1007.75
0.54248 1007.5
0.542969 1007.26
0.543457 1007.01
0.543945 1006.75
0.544434 1006.5
0.544922 1006.24
0.54541 1005.98
0.545898 1005.71
0.546387 1005.45
0.546875 1005.18
0.547363 1004.9
0.547852 1004.63
0.54834 1004.35
0.548828 1004.07
0.549316 1003.79
0.549805 1003.5
0.550293 1003.21
0.550781 1002.92
0.55127 1002.62
0.551758 1002.32
0.552246 1002.02
0.552734 1001.72
0.553223 1001.41
0.553711 1001.1
0.554199 1000.79
0.554688 1000.47
0.555176 1000.16
0.555664 999.835
0.556152 999.511
0.556641 999.185
0.557129 998.855
0.557617 998.523
0.558105 998.188
0.558594 997.849
0.559082 997.509
0.55957 997.165
0.560059 996.818
0.560547 996.469
0.561035 996.116
0.561523 995.761
0.562012 995.403
0.5625 995.042
0.562988 994.678
0.563477 994.311
0.563965 993.942
0.564453 993.569
0.564941 993.194
0.56543 992.816
0.565918 992.435
0.566406 992.051
0.566895 991.664
0.567383 991.275
0.567871 990.882
0.568359 990.487
0.568848 990.089
0.569336 989.688
0.569824 989.284
0.570312 988.877
0.570801 988.467
0.571289 988.055
0.571777 987.639
0.572266 987.221
0.572754 986.8
0.573242 986.376
0.57373 985.949
0.574219 985.519
0.574707 985.086
0.575195 984.65
0.575684 984.212
0.576172 983.771
0.57666 983.326
0.577148 982.879
0.577637 982.429
0.578125 981.976
0.578613 981.521
0.579102 981.062
0.57959 980.6
0.580078 980.136
0.580566 979.669
0.581055 979.198
0.581543 978.725
0.582031 978.249
0.58252 977.77
0.583008 977.288
0.583496 976.804
0.583984 976.316
0.584473 975.826
0.584961 975.332
0.585449 974.836
0.585938 974.337
0.586426 973.835
0.586914 973.33
0.587402 972.822
0.587891 972.311
0.588379 971.797
0.588867 971.281
0.589355 970.761
0.589844 970.239
0.590332 969.713
0.59082 969.185
0.591309 968.654
0.591797 968.12
0.592285 967.583
0.592773 967.043
0.593262 966.5
0.59375 965.954
0.594238 965.406
0.594727 964.854
0.595215 964.299
0.595703 963.742
0.596191 963.182
0.59668 962.618
0.597168 962.052
0.597656 961.483
0.598145 960.911
0.598633 960.336
0.599121 959.758
0.599609 959.177
0.600098 958.593
0.600586 958.007
0.601074 957.417
0.601562 956.824
0.602051 956.229
0.602539 955.63
0.603027 955.029
0.603516 954.425
0.604004 953.817
0.604492 953.207
0.60498 952.594
0.605469 951.978
0.605957 951.359
0.606445 950.737
0.606934 950.112
0.607422 949.484
0.60791 948.853
0.608398 948.219
0.608887 947.582
0.609375 946.943
0.609863 946.3
0.610352 945.654
0.61084 945.006
0.611328 944.354
0.611816 943.699
0.612305 943.042
0.612793 942.381
0.613281 941.718
0.61377 941.052
0.614258 940.382
0.614746 939.71
0.615234 939.034
0.615723 938.356
0.616211 937.675
0.616699 936.991
0.617188 936.303
0.617676 935.613
0.618164 934.92
0.618652 934.224
0.619141 933.525
0.619629 932.823
0.620117 932.117
0.620605 931.409
0.621094 930.698
0.621582 929.984
0.62207 929.267
0.622559 928.547
0.623047 927.824
0.623535 927.098
0.624023 926.369
0.624512 925.637
0.625 924.901
0.625488 924.163
0.625977 923.422
0.626465 922.678
0.626953 921.931
0.627441 921.181
0.62793 920.428
0.628418 919.672
0.628906 918.912
0.629395 918.15
0.629883 917.385
0.630371 916.617
0.630859 915.846
0.631348 915.071
0.631836 914.294
0.632324 913.514
0.632812 912.73
0.633301 911.944
0.633789 911.155
0.634277 910.362
0.634766 909.567
0.635254 908.768
0.635742 907.967
0.63623 907.162
0.636719 906.354
0.637207 905.544
0.637695 904.73
0.638184 903.913
0.638672 903.093
0.63916 902.271
0.639648 901.445
0.640137 900.616
0.640625 899.784
0.641113 898.949
0.641602 898.11
0.64209 897.269
0.642578 896.425
0.643066 895.578
0.643555 894.727
0.644043 893.874
0.644531 893.017
0.64502 892.158
0.645508 891.295
0.645996 890.429
0.646484 889.56
0.646973 888.688
0.647461 887.813
0.647949 886.935
0.648438 886.054
0.648926 885.17
0.649414 884.282
0.649902 883.392
0.650391 882.498
0.650879 881.602
0.651367 880.702
0.651855 879.799
0.652344 878.893
0.652832 877.984
0.65332 877.072
0.653809 876.157
0.654297 875.238
0.654785 874.317
0.655273 873.392
0.655762 872.465
0.65625 871.534
0.656738 870.6
0.657227 869.663
0.657715 868.722
0.658203 867.779
0.658691 866.833
0.65918 865.883
0.659668 864.93
0.660156 863.974
0.660645 863.015
0.661133 862.053
0.661621 861.088
0.662109 860.12
0.662598 859.148
0.663086 858.173
0.663574 857.195
0.664062 856.214
0.664551 855.23
0.665039 854.243
0.665527 853.252
0.666016 852.259
0.666504 851.262
0.666992 850.262
0.66748 849.259
0.667969 848.252
0.668457 847.243
0.668945 846.23
0.669434 845.214
0.669922 844.195
0.67041 843.173
0.670898 842.148
0.671387 841.119
0.671875 840.087
0.672363 839.052
0.672852 838.014
0.67334 836.973
0.673828 835.928
0.674316 834.88
0.674805 833.829
0.675293 832.775
0.675781 831.718
0.67627 830.657
0.676758 829.593
0.677246 828.526
0.677734 827.456
0.678223 826.382
0.678711 825.305
0.679199 824.226
0.679688 823.142
0.680176 822.056
0.680664 820.966
0.681152 819.873
0.681641 818.777
0.682129 817.678
0.682617 816.575
0.683105 815.469
0.683594 814.36
0.684082 813.248
0.68457 812.132
0.685059 811.013
0.685547 809.891
0.686035 808.766
0.686523 807.637
0.687012 806.505
0.6875 805.37
0.687988 804.231
0.688477 803.089
0.688965 801.944
0.689453 800.796
0.689941 799.644
0.69043 798.489
0.690918 797.331
0.691406 796.169
0.691895 795.005
0.692383 793.836
0.692871 792.665
0.693359 791.49
0.693848 790.312
0.694336 789.131
0.694824 787.946
0.695312 786.758
0.695801 785.567
0.696289 784.372
0.696777 783.174
0.697266 781.973
0.697754 780.768
0.698242 779.56
0.69873 778.349
0.699219 777.134
0.699707 775.916
0.700195 774.695
0.700684 773.47
0.701172 772.242
0.70166 771.01
0.702148 769.775
0.702637 768.537
0.703125 767.296
0.703613 766.051
0.704102 764.803
0.70459 763.551
0.705078 762.296
0.705566 761.037
0.706055 759.775
0.706543 758.51
0.707031 757.242
0.70752 755.97
0.708008 754.694
0.708496 753.415
0.708984 752.133
0.709473 750.847
0.709961 749.558
0.710449 748.266
0.710938 746.97
0.711426 745.671
0.711914 744.368
0.712402 743.062
0.712891 741.752
0.713379 740.439
0.713867 739.123
0.714355 737.803
0.714844 736.479
0.715332 735.152
0.71582 733.822
0.716309 732.488
0.716797 731.151
0.717285 729.81
0.717773 728.466
0.718262 727.118
0.71875 725.767
0.719238 724.413
0.719727 723.055
0.720215 721.693
0.720703 720.328
0.721191 718.959
0.72168 717.587
0.722168 716.212
0.722656 714.833
0.723145 713.45
0.723633 712.064
0.724121 710.674
0.724609 709.281
0.725098 707.884
0.725586 706.484
0.726074 705.08
0.726562 703.673
0.727051 702.262
0.727539 700.848
0.728027 699.43
0.728516 698.008
0.729004 696.583
0.729492 695.155
0.72998 693.722
0.730469 692.287
0.730957 690.847
0.731445 689.404
0.731934 687.958
0.732422 686.508
0.73291 685.054
0.733398 683.597
0.733887 682.136
0.734375 680.672
0.734863 679.203
0.735352 677.732
0.73584 676.256
0.736328 674.778
0.736816 673.295
0.737305 671.809
0.737793 670.319
0.738281 668.825
0.73877 667.328
0.739258 665.828
0.739746 664.323
0.740234 662.815
0.740723 661.303
0.741211 659.788
0.741699 658.269
0.742188 656.746
0.742676 655.22
0.743164 653.69
0.743652 652.156
0.744141 650.619
0.744629 649.077
0.745117 647.532
0.745605 645.984
0.746094 644.432
0.746582 642.876
0.74707 641.316
0.747559 639.752
0.748047 638.185
0.748535 636.614
0.749023 635.04
0.749512 633.461
0.75 631.879
0.750488 630.293
0.750977 628.704
0.751465 627.11
0.751953 625.513
0.752441 623.912
0.75293 622.307
0.753418 620.699
0.753906 619.086
0.754395 617.47
0.754883 615.85
0.755371 614.227
0.755859 612.599
0.756348 610.968
0.756836 609.333
0.757324 607.694
0.757812 606.051
0.758301 604.404
0.758789 602.754
0.759277 601.099
0.759766 599.441
0.760254 597.779
0.760742 596.113
0.76123 594.443
0.761719 592.77
0.762207 591.092
0.762695 589.411
0.763184 587.726
0.763672 586.036
0.76416 584.343
0.764648 582.646
0.765137 580.946
0.765625 579.241
0.766113 577.532
0.766602 575.819
0.76709 574.103
0.767578 572.382
0.768066 570.658
0.768555 568.929
0.769043 567.197
0.769531 565.461
0.77002 563.72
0.770508 561.976
0.770996 560.228
0.771484 558.475
0.771973 556.719
0.772461 554.959
0.772949 553.195
0.773438 551.426
0.773926 549.654
0.774414 547.878
0.774902 546.098
0.775391 544.313
0.775879 542.525
0.776367 540.732
0.776855 538.936
0.777344 537.135
0.777832 535.331
0.77832 533.522
0.778809 531.709
0.779297 529.892
0.779785 528.072
0.780273 526.247
0.780762 524.417
0.78125 522.584
0.781738 520.747
0.782227 518.906
0.782715 517.06
0.783203 515.21
0.783691 513.357
0.78418 511.499
0.784668 509.637
0.785156 507.77
0.785645 505.9
0.786133 504.025
0.786621 502.147
0.787109 500.264
0.787598 498.377
0.788086 496.486
0.788574 494.59
0.789062 492.691
0.789551 490.787
0.790039 488.879
0.790527 486.967
0.791016 485.051
0.791504 483.131
0.791992 481.206
0.79248 479.277
0.792969 477.344
0.793457 475.407
0.793945 473.466
0.794434 471.521
0.794922 469.571
0.79541 467.618
0.795898 465.66
0.796387 463.698
0.796875 461.732
0.797363 459.763
0.797852 457.789
0.79834 455.811
0.798828 453.829
0.799316 451.843
0.799805 449.854
0.800293 447.86
0.800781 445.863
0.80127 443.862
0.801758 441.858
0.802246 439.85
0.802734 437.839
0.803223 435.824
0.803711 433.806
0.804199 431.785
0.804688 429.761
0.805176 427.734
0.805664 425.704
0.806152 423.672
0.806641 421.637
0.807129 419.6
0.807617 417.561
0.808105 415.521
0.808594 413.478
0.809082 411.435
0.80957 409.39
0.810059 407.345
0.810547 405.298
0.811035 403.252
0.811523 401.205
0.812012 399.158
0.8125 397.111
0.812988 395.065
0.813477 393.02
0.813965 390.975
0.814453 388.932
0.814941 386.889
0.81543 384.848
0.815918 382.808
0.816406 380.77
0.816895 378.733
0.817383 376.698
0.817871 374.664
0.818359 372.632
0.818848 370.602
0.819336 368.574
0.819824 366.547
0.820312 364.522
0.820801 362.499
0.821289 360.478
0.821777 358.46
0.822266 356.443
0.822754 354.428
0.823242 352.416
0.82373 350.406
0.824219 348.398
0.824707 346.393
0.825195 344.39
0.825684 342.391
0.826172 340.394
0.82666 338.399
0.827148 336.408
0.827637 334.419
0.828125 332.434
0.828613 330.451
0.829102 328.471
0.82959 326.494
0.830078 324.521
0.830566 322.55
0.831055 320.582
0.831543 318.617
0.832031 316.655
0.83252 314.696
0.833008 312.741
0.833496 310.788
0.833984 308.839
0.834473 306.893
0.834961 304.95
0.835449 303.011
0.835938 301.075
0.836426 299.143
0.836914 297.215
0.837402 295.29
0.837891 293.368
0.838379 291.45
0.838867 289.536
0.839355 287.626
0.839844 285.719
0.840332 283.815
0.84082 281.916
0.841309 280.02
0.841797 278.127
0.842285 276.239
0.842773 274.354
0.843262 272.473
0.84375 270.595
0.844238 268.722
0.844727 266.852
0.845215 264.986
0.845703 263.124
0.846191 261.267
0.84668 259.413
0.847168 257.564
0.847656 255.719
0.848145 253.877
0.848633 252.04
0.849121 250.208
0.849609 248.379
0.850098 246.554
0.850586 244.734
0.851074 242.918
0.851562 241.105
0.852051 239.297
0.852539 237.493
0.853027 235.694
0.853516 233.898
0.854004 232.107
0.854492 230.321
0.85498 228.539
0.855469 226.761
0.855957 224.988
0.856445 223.219
0.856934 221.455
0.857422 219.695
0.85791 217.941
0.858398 216.19
0.858887 214.445
0.859375 212.704
0.859863 210.967
0.860352 209.235
0.86084 207.508
0.861328 205.785
0.861816 204.066
0.862305 202.353
0.862793 200.644
0.863281 198.939
0.86377 197.24
0.864258 195.545
0.864746 193.855
0.865234 192.171
0.865723 190.491
0.866211 188.816
0.866699 187.146
0.867188 185.482
0.867676 183.822
0.868164 182.167
0.868652 180.518
0.869141 178.873
0.869629 177.233
0.870117 175.598
0.870605 173.968
0.871094 172.344
0.871582 170.724
0.87207 169.109
0.872559 167.499
0.873047 165.895
0.873535 164.296
0.874023 162.702
0.874512 161.113
0.875 159.53
0.875488 157.953
0.875977 156.381
0.876465 154.814
0.876953 153.253
0.877441 151.698
0.87793 150.147
0.878418 148.602
0.878906 147.063
0.879395 145.529
0.879883 144
0.880371 142.477
0.880859 140.959
0.881348 139.447
0.881836 137.94
0.882324 136.438
0.882812 134.943
0.883301 133.453
0.883789 131.969
0.884277 130.491
0.884766 129.02
0.885254 127.554
0.885742 126.094
0.88623 124.64
0.886719 123.192
0.887207 121.749
0.887695 120.313
0.888184 118.882
0.888672 117.458
0.88916 116.039
0.889648 114.625
0.890137 113.218
0.890625 111.817
0.891113 110.421
0.891602 109.032
0.89209 107.649
0.892578 106.273
0.893066 104.902
0.893555 103.539
0.894043 102.181
0.894531 100.831
0.89502 99.4866
0.895508 98.1489
0.895996 96.8177
0.896484 95.4928
0.896973 94.1742
0.897461 92.8619
0.897949 91.5559
0.898438 90.2561
0.898926 88.9626
0.899414 87.6754
0.899902 86.3947
0.900391 85.1206
0.900879 83.8532
0.901367 82.5927
0.901855 81.3391
0.902344 80.0926
0.902832 78.8532
0.90332 77.6209
0.903809 76.3958
0.904297 75.1779
0.904785 73.967
0.905273 72.763
0.905762 71.566
0.90625 70.3758
0.906738 69.1924
0.907227 68.0158
0.907715 66.8459
0.908203 65.6829
0.908691 64.5268
0.90918 63.3777
0.909668 62.2359
0.910156 61.1014
0.910645 59.9745
0.911133 58.8553
0.911621 57.7439
0.912109 56.6404
0.912598 55.5448
0.913086 54.4571
0.913574 53.3772
0.914062 52.3051
0.914551 51.2405
0.915039 50.1835
0.915527 49.1339
0.916016 48.0916
0.916504 47.0566
0.916992 46.029
0.91748 45.0089
0.917969 43.9963
0.918457 42.9915
0.918945 41.9946
0.919434 41.006
0.919922 40.0257
0.92041 39.0541
0.920898 38.0912
0.921387 37.137
0.921875 36.1917
0.922363 35.2551
0.922852 34.3272
0.92334 33.4078
0.923828 32.4967
0.924316 31.5938
0.924805 30.699
0.925293 29.8121
0.925781 28.9331
0.92627 28.0622
0.926758 27.1994
0.927246 26.3449
0.927734 25.499
0.928223 24.6619
0.928711 23.834
0.929199 23.0156
0.929688 22.2069
0.930176 21.4079
0.930664 20.6189
0.931152 19.8398
0.931641 19.0705
0.932129 18.3109
0.932617 17.5606
0.933105 16.8195
0.933594 16.0874
0.934082 15.364
0.93457 14.6492
0.935059 13.943
0.935547 13.2455
0.936035 12.5568
0.936523 11.8772
0.937012 11.207
0.9375 10.5467
0.937988 9.89658
0.938477 9.25714
0.938965 8.62867
0.939453 8.01139
0.939941 7.40541
0.94043 6.81071
0.940918 6.22712
0.941406 5.65439
0.941895 5.09217
0.942383 4.54006
0.942871 3.99768
0.943359 3.46468
0.943848 2.94081
0.944336 2.42592
0.944824 1.92
0.945312 1.42321
0.945801 0.935828
0.946289 0.458264
0.946777 -0.00897424
0.947266 -0.465331
0.947754 -0.910255
0.948242 -1.34326
0.94873 -1.76399
0.949219 -2.17225
0.949707 -2.56809
0.950195 -2.95176
0.950684 -3.32376
0.951172 -3.68482
0.95166 -4.03582
0.952148 -4.37778
0.952637 -4.71178
0.953125 -5.03895
0.953613 -5.36039
0.954102 -5.67716
0.95459 -5.99024
0.955078 -6.30053
0.955566 -6.60884
0.956055 -6.91588
0.956543 -7.22227
0.957031 -7.52855
0.95752 -7.8352
0.958008 -8.14261
0.958496 -8.45113
0.958984 -8.76105
0.959473 -9.07261
0.959961 -9.38604
0.960449 -9.70153
0.960938 -10.0192
0.961426 -10.3393
0.961914 -10.6619
0.962402 -10.987
0.962891 -11.3149
0.963379 -11.6455
0.963867 -11.9791
0.964355 -12.3157
0.964844 -12.6553
0.965332 -12.9981
0.96582 -13.3441
0.966309 -13.6934
0.966797 -14.0462
0.967285 -14.4024
0.967773 -14.7621
0.968262 -15.1256
0.96875 -15.4927
0.969238 -15.8637
0.969727 -16.2386
0.970215 -16.6176
0.970703 -17.0006
0.971191 -17.3879
0.97168 -17.7795
0.972168 -18.1756
0.972656 -18.5762
0.973145 -18.9815
0.973633 -19.3917
0.974121 -19.8067
0.974609 -20.2269
0.975098 -20.6523
0.975586 -21.0831
0.976074 -21.5195
0.976562 -21.9616
0.977051 -22.4096
0.977539 -22.8636
0.978027 -23.324
0.978516 -23.7908
0.979004 -24.2644
0.979492 -24.7449
0.97998 -25.2326
0.980469 -25.7278
0.980957 -26.2307
0.981445 -26.7416
0.981934 -27.2609
0.982422 -27.7888
0.98291 -28.3258
0.983398 -28.8721
0.983887 -29.4283
0.984375 -29.9948
0.984863 -30.5719
0.985352 -31.1604
0.98584 -31.7605
0.986328 -32.3731
0.986816 -32.9987
0.987305 -33.6381
0.987793 -34.2919
0.988281 -34.9611
0.98877 -35.6466
0.989258 -36.3494
0.989746 -37.0706
0.990234 -37.8115
0.990723 -38.5736
0.991211 -39.3583
0.991699 -40.1676
0.992188 -41.0035
0.992676 -41.8683
0.993164 -42.7648
0.993652 -43.6962
0.994141 -44.6662
0.994629 -45.6793
0.995117 -46.741
0.995605 -47.8579
0.996094 -49.0383
0.996582 -50.2931
0.99707 -51.6363
0.997559 -53.0872
0.998047 -54.6736
0.998535 -56.4377
0.999023 -58.4503
0.999512 -60.8495
1 -64
------------
