k:1000_n:2000_sigma:10_iters:3
Printing log2 count distribution: 
0 -inf
0.0005 -14.674
0.001 -14.6689
0.0015 -14.6638
0.002 -14.6586
0.0025 -14.6535
0.003 -14.6484
0.0035 -14.6432
0.004 -14.6381
0.0045 -14.6329
0.005 -14.6277
0.0055 -14.6225
0.006 -14.6173
0.0065 -14.6121
0.007 -14.6069
0.0075 -14.6017
0.008 -14.5965
0.0085 -14.5912
0.009 -14.586
0.0095 -14.5807
0.01 -14.5754
0.0105 -14.5702
0.011 -14.5649
0.0115 -14.5596
0.012 -14.5542
0.0125 -14.5489
0.013 -14.5436
0.0135 -14.5382
0.014 -14.5329
0.0145 -14.5275
0.015 -14.5222
0.0155 -14.5168
0.016 -14.5114
0.0165 -14.506
0.017 -14.5006
0.0175 -14.4951
0.018 -14.4897
0.0185 -14.4843
0.019 -14.4788
0.0195 -14.4733
0.02 -14.4679
0.0205 -14.4624
0.021 -14.4569
0.0215 -14.4514
0.022 -14.4458
0.0225 -14.4403
0.023 -14.4348
0.0235 -14.4292
0.024 -14.4236
0.0245 -14.4181
0.025 -14.4125
0.0255 -14.4069
0.026 -14.4013
0.0265 -14.3956
0.027 -14.39
0.0275 -14.3844
0.028 -14.3787
0.0285 -14.373
0.029 -14.3674
0.0295 -14.3617
0.03 -14.356
0.0305 -14.3503
0.031 -14.3445
0.0315 -14.3388
0.032 -14.333
0.0325 -14.3273
0.033 -14.3215
0.0335 -14.3157
0.034 -14.3099
0.0345 -14.3041
0.035 -14.2983
0.0355 -14.2924
0.036 -14.2866
0.0365 -14.2807
0.037 -14.2749
0.0375 -14.269
0.038 -14.2631
0.0385 -14.2572
0.039 -14.2512
0.0395 -14.2453
0.04 -14.2393
0.0405 -14.2334
0.041 -14.2274
0.0415 -14.2214
0.042 -14.2154
0.0425 -14.2094
0.043 -14.2034
0.0435 -14.1973
0.044 -14.1912
0.0445 -14.1852
0.045 -14.1791
0.0455 -14.173
0.046 -14.1669
0.0465 -14.1607
0.047 -14.1546
0.0475 -14.1485
0.048 -14.1423
0.0485 -14.1361
0.049 -14.1299
0.0495 -14.1237
0.05 -14.1175
0.0505 -14.1112
0.051 -14.105
0.0515 -14.0987
0.052 -14.0924
0.0525 -14.0861
0.053 -14.0798
0.0535 -14.0734
0.054 -14.0671
0.0545 -14.0607
0.055 -14.0544
0.0555 -14.048
0.056 -14.0415
0.0565 -14.0351
0.057 -14.0287
0.0575 -14.0222
0.058 -14.0158
0.0585 -14.0093
0.059 -14.0028
0.0595 -13.9962
0.06 -13.9897
0.0605 -13.9831
0.061 -13.9766
0.0615 -13.97
0.062 -13.9634
0.0625 -13.9567
0.063 -13.9501
0.0635 -13.9435
0.064 -13.9368
0.0645 -13.9301
0.065 -13.9234
0.0655 -13.9166
0.066 -13.9099
0.0665 -13.9031
0.067 -13.8964
0.0675 -13.8896
0.068 -13.8827
0.0685 -13.8759
0.069 -13.869
0.0695 -13.8622
0.07 -13.8553
0.0705 -13.8484
0.071 -13.8414
0.0715 -13.8345
0.072 -13.8275
0.0725 -13.8205
0.073 -13.8135
0.0735 -13.8065
0.074 -13.7994
0.0745 -13.7924
0.075 -13.7853
0.0755 -13.7782
0.076 -13.771
0.0765 -13.7639
0.077 -13.7567
0.0775 -13.7495
0.078 -13.7423
0.0785 -13.7351
0.079 -13.7278
0.0795 -13.7205
0.08 -13.7132
0.0805 -13.7059
0.081 -13.6986
0.0815 -13.6912
0.082 -13.6838
0.0825 -13.6764
0.083 -13.6689
0.0835 -13.6615
0.084 -13.654
0.0845 -13.6465
0.085 -13.639
0.0855 -13.6314
0.086 -13.6238
0.0865 -13.6162
0.087 -13.6086
0.0875 -13.6009
0.088 -13.5932
0.0885 -13.5855
0.089 -13.5778
0.0895 -13.57
0.09 -13.5622
0.0905 -13.5543
0.091 -13.5463
0.0915 -13.538
0.092 -13.5288
0.0925 -13.5169
0.093 -13.4974
0.0935 -13.4548
0.094 -13.3459
0.0945 -13.0631
0.095 -12.4269
0.0955 -11.3314
0.096 -9.88585
0.0965 -8.26407
0.097 -6.56659
0.0975 -4.83302
0.098 -3.07695
0.0985 -1.30292
0.099 0.487392
0.0995 2.29324
0.1 4.11413
0.1005 5.9497
0.101 7.79959
0.1015 9.66348
0.102 11.5411
0.1025 13.432
0.103 15.336
0.1035 17.2529
0.104 19.1822
0.1045 21.1238
0.105 23.0773
0.1055 25.0425
0.106 27.0192
0.1065 29.0071
0.107 31.0059
0.1075 33.0155
0.108 35.0355
0.1085 37.0658
0.109 39.106
0.1095 41.1561
0.11 43.2157
0.1105 45.2847
0.111 47.3629
0.1115 49.4499
0.112 51.5457
0.1125 53.65
0.113 55.7626
0.1135 57.8834
0.114 60.012
0.1145 62.1484
0.115 64.2923
0.1155 66.4436
0.116 68.602
0.1165 70.7674
0.117 72.9396
0.1175 75.1184
0.118 77.3037
0.1185 79.4952
0.119 81.6928
0.1195 83.8963
0.12 86.1056
0.1205 88.3205
0.121 90.5408
0.1215 92.7663
0.122 94.9969
0.1225 97.2325
0.123 99.4728
0.1235 101.718
0.124 103.967
0.1245 106.221
0.125 108.479
0.1255 110.741
0.126 113.006
0.1265 115.276
0.127 117.549
0.1275 119.825
0.128 122.105
0.1285 124.388
0.129 126.674
0.1295 128.962
0.13 131.254
0.1305 133.548
0.131 135.844
0.1315 138.143
0.132 140.444
0.1325 142.747
0.133 145.052
0.1335 147.359
0.134 149.668
0.1345 151.978
0.135 154.289
0.1355 156.602
0.136 158.916
0.1365 161.232
0.137 163.548
0.1375 165.865
0.138 168.183
0.1385 170.502
0.139 172.821
0.1395 175.141
0.14 177.461
0.1405 179.781
0.141 182.101
0.1415 184.422
0.142 186.742
0.1425 189.062
0.143 191.383
0.1435 193.702
0.144 196.022
0.1445 198.34
0.145 200.658
0.1455 202.976
0.146 205.293
0.1465 207.609
0.147 209.924
0.1475 212.237
0.148 214.55
0.1485 216.862
0.149 219.172
0.1495 221.481
0.15 223.789
0.1505 226.095
0.151 228.4
0.1515 230.703
0.152 233.004
0.1525 235.304
0.153 237.602
0.1535 239.898
0.154 242.191
0.1545 244.483
0.155 246.773
0.1555 249.061
0.156 251.347
0.1565 253.63
0.157 255.911
0.1575 258.19
0.158 260.466
0.1585 262.74
0.159 265.012
0.1595 267.281
0.16 269.547
0.1605 271.81
0.161 274.071
0.1615 276.33
0.162 278.585
0.1625 280.838
0.163 283.087
0.1635 285.334
0.164 287.578
0.1645 289.819
0.165 292.057
0.1655 294.292
0.166 296.524
0.1665 298.753
0.167 300.978
0.1675 303.2
0.168 305.42
0.1685 307.635
0.169 309.848
0.1695 312.057
0.17 314.263
0.1705 316.466
0.171 318.665
0.1715 320.861
0.172 323.053
0.1725 325.242
0.173 327.428
0.1735 329.61
0.174 331.788
0.1745 333.963
0.175 336.134
0.1755 338.302
0.176 340.466
0.1765 342.626
0.177 344.783
0.1775 346.936
0.178 349.085
0.1785 351.231
0.179 353.373
0.1795 355.511
0.18 357.645
0.1805 359.776
0.181 361.903
0.1815 364.026
0.182 366.145
0.1825 368.26
0.183 370.372
0.1835 372.48
0.184 374.584
0.1845 376.684
0.185 378.78
0.1855 380.872
0.186 382.96
0.1865 385.045
0.187 387.125
0.1875 389.202
0.188 391.275
0.1885 393.343
0.189 395.408
0.1895 397.469
0.19 399.526
0.1905 401.579
0.191 403.628
0.1915 405.673
0.192 407.713
0.1925 409.75
0.193 411.783
0.1935 413.812
0.194 415.837
0.1945 417.858
0.195 419.875
0.1955 421.888
0.196 423.897
0.1965 425.902
0.197 427.903
0.1975 429.899
0.198 431.892
0.1985 433.881
0.199 435.865
0.1995 437.846
0.2 439.823
0.2005 441.795
0.201 443.764
0.2015 445.728
0.202 447.689
0.2025 449.645
0.203 451.597
0.2035 453.546
0.204 455.49
0.2045 457.43
0.205 459.366
0.2055 461.298
0.206 463.226
0.2065 465.15
0.207 467.07
0.2075 468.986
0.208 470.898
0.2085 472.806
0.209 474.709
0.2095 476.609
0.21 478.505
0.2105 480.396
0.211 482.284
0.2115 484.167
0.212 486.047
0.2125 487.922
0.213 489.794
0.2135 491.661
0.214 493.524
0.2145 495.384
0.215 497.239
0.2155 499.09
0.216 500.938
0.2165 502.781
0.217 504.62
0.2175 506.455
0.218 508.287
0.2185 510.114
0.219 511.937
0.2195 513.756
0.22 515.571
0.2205 517.382
0.221 519.19
0.2215 520.993
0.222 522.792
0.2225 524.587
0.223 526.378
0.2235 528.166
0.224 529.949
0.2245 531.728
0.225 533.504
0.2255 535.275
0.226 537.042
0.2265 538.806
0.227 540.565
0.2275 542.321
0.228 544.072
0.2285 545.82
0.229 547.564
0.2295 549.303
0.23 551.039
0.2305 552.771
0.231 554.499
0.2315 556.223
0.232 557.943
0.2325 559.659
0.233 561.372
0.2335 563.08
0.234 564.784
0.2345 566.485
0.235 568.182
0.2355 569.874
0.236 571.563
0.2365 573.248
0.237 574.929
0.2375 576.606
0.238 578.28
0.2385 579.949
0.239 581.615
0.2395 583.276
0.24 584.934
0.2405 586.588
0.241 588.238
0.2415 589.885
0.242 591.527
0.2425 593.166
0.243 594.801
0.2435 596.431
0.244 598.059
0.2445 599.682
0.245 601.301
0.2455 602.917
0.246 604.529
0.2465 606.137
0.247 607.741
0.2475 609.341
0.248 610.938
0.2485 612.531
0.249 614.12
0.2495 615.705
0.25 617.287
0.2505 618.864
0.251 620.438
0.2515 622.008
0.252 623.575
0.2525 625.137
0.253 626.696
0.2535 628.251
0.254 629.803
0.2545 631.35
0.255 632.894
0.2555 634.434
0.256 635.971
0.2565 637.503
0.257 639.032
0.2575 640.557
0.258 642.079
0.2585 643.597
0.259 645.111
0.2595 646.621
0.26 648.128
0.2605 649.631
0.261 651.13
0.2615 652.625
0.262 654.117
0.2625 655.605
0.263 657.09
0.2635 658.571
0.264 660.048
0.2645 661.521
0.265 662.991
0.2655 664.457
0.266 665.92
0.2665 667.379
0.267 668.834
0.2675 670.286
0.268 671.734
0.2685 673.178
0.269 674.618
0.2695 676.055
0.27 677.489
0.2705 678.919
0.271 680.345
0.2715 681.767
0.272 683.186
0.2725 684.602
0.273 686.013
0.2735 687.421
0.274 688.826
0.2745 690.227
0.275 691.624
0.2755 693.018
0.276 694.408
0.2765 695.795
0.277 697.178
0.2775 698.557
0.278 699.933
0.2785 701.305
0.279 702.674
0.2795 704.039
0.28 705.401
0.2805 706.759
0.281 708.113
0.2815 709.464
0.282 710.812
0.2825 712.156
0.283 713.496
0.2835 714.833
0.284 716.166
0.2845 717.496
0.285 718.822
0.2855 720.145
0.286 721.464
0.2865 722.78
0.287 724.092
0.2875 725.401
0.288 726.706
0.2885 728.008
0.289 729.306
0.2895 730.601
0.29 731.892
0.2905 733.18
0.291 734.465
0.2915 735.745
0.292 737.023
0.2925 738.297
0.293 739.567
0.2935 740.834
0.294 742.098
0.2945 743.358
0.295 744.614
0.2955 745.867
0.296 747.117
0.2965 748.363
0.297 749.606
0.2975 750.846
0.298 752.082
0.2985 753.314
0.299 754.543
0.2995 755.769
0.3 756.991
0.3005 758.21
0.301 759.425
0.3015 760.637
0.302 761.846
0.3025 763.051
0.303 764.253
0.3035 765.451
0.304 766.646
0.3045 767.838
0.305 769.026
0.3055 770.211
0.306 771.392
0.3065 772.57
0.307 773.745
0.3075 774.916
0.308 776.084
0.3085 777.249
0.309 778.41
0.3095 779.568
0.31 780.722
0.3105 781.873
0.311 783.021
0.3115 784.166
0.312 785.307
0.3125 786.444
0.313 787.579
0.3135 788.71
0.314 789.837
0.3145 790.962
0.315 792.083
0.3155 793.2
0.316 794.315
0.3165 795.426
0.317 796.533
0.3175 797.638
0.318 798.739
0.3185 799.836
0.319 800.931
0.3195 802.022
0.32 803.11
0.3205 804.194
0.321 805.275
0.3215 806.353
0.322 807.428
0.3225 808.499
0.323 809.567
0.3235 810.632
0.324 811.693
0.3245 812.751
0.325 813.806
0.3255 814.858
0.326 815.906
0.3265 816.951
0.327 817.993
0.3275 819.032
0.328 820.067
0.3285 821.099
0.329 822.128
0.3295 823.153
0.33 824.175
0.3305 825.194
0.331 826.21
0.3315 827.222
0.332 828.231
0.3325 829.237
0.333 830.24
0.3335 831.24
0.334 832.236
0.3345 833.229
0.335 834.219
0.3355 835.205
0.336 836.188
0.3365 837.169
0.337 838.145
0.3375 839.119
0.338 840.089
0.3385 841.057
0.339 842.021
0.3395 842.981
0.34 843.939
0.3405 844.893
0.341 845.845
0.3415 846.792
0.342 847.737
0.3425 848.679
0.343 849.617
0.3435 850.552
0.344 851.484
0.3445 852.413
0.345 853.339
0.3455 854.261
0.346 855.18
0.3465 856.096
0.347 857.009
0.3475 857.919
0.348 858.825
0.3485 859.729
0.349 860.629
0.3495 861.526
0.35 862.42
0.3505 863.31
0.351 864.198
0.3515 865.082
0.352 865.964
0.3525 866.842
0.353 867.716
0.3535 868.588
0.354 869.457
0.3545 870.322
0.355 871.184
0.3555 872.044
0.356 872.9
0.3565 873.752
0.357 874.602
0.3575 875.449
0.358 876.292
0.3585 877.132
0.359 877.97
0.3595 878.804
0.36 879.635
0.3605 880.462
0.361 881.287
0.3615 882.109
0.362 882.927
0.3625 883.742
0.363 884.555
0.3635 885.364
0.364 886.17
0.3645 886.973
0.365 887.772
0.3655 888.569
0.366 889.362
0.3665 890.153
0.367 890.94
0.3675 891.724
0.368 892.506
0.3685 893.284
0.369 894.059
0.3695 894.83
0.37 895.599
0.3705 896.365
0.371 897.127
0.3715 897.887
0.372 898.643
0.3725 899.397
0.373 900.147
0.3735 900.894
0.374 901.638
0.3745 902.379
0.375 903.117
0.3755 903.852
0.376 904.584
0.3765 905.312
0.377 906.038
0.3775 906.761
0.378 907.48
0.3785 908.197
0.379 908.91
0.3795 909.62
0.38 910.328
0.3805 911.032
0.381 911.733
0.3815 912.431
0.382 913.126
0.3825 913.818
0.383 914.507
0.3835 915.193
0.384 915.876
0.3845 916.555
0.385 917.232
0.3855 917.906
0.386 918.577
0.3865 919.244
0.387 919.909
0.3875 920.57
0.388 921.229
0.3885 921.884
0.389 922.537
0.3895 923.186
0.39 923.833
0.3905 924.476
0.391 925.116
0.3915 925.754
0.392 926.388
0.3925 927.019
0.393 927.647
0.3935 928.273
0.394 928.895
0.3945 929.514
0.395 930.13
0.3955 930.743
0.396 931.354
0.3965 931.961
0.397 932.565
0.3975 933.166
0.398 933.764
0.3985 934.359
0.399 934.951
0.3995 935.54
0.4 936.126
0.4005 936.709
0.401 937.289
0.4015 937.866
0.402 938.441
0.4025 939.012
0.403 939.58
0.4035 940.145
0.404 940.707
0.4045 941.266
0.405 941.822
0.4055 942.375
0.406 942.925
0.4065 943.472
0.407 944.017
0.4075 944.558
0.408 945.096
0.4085 945.631
0.409 946.163
0.4095 946.693
0.41 947.219
0.4105 947.742
0.411 948.262
0.4115 948.78
0.412 949.294
0.4125 949.805
0.413 950.314
0.4135 950.819
0.414 951.322
0.4145 951.821
0.415 952.318
0.4155 952.811
0.416 953.302
0.4165 953.789
0.417 954.274
0.4175 954.756
0.418 955.234
0.4185 955.71
0.419 956.183
0.4195 956.653
0.42 957.119
0.4205 957.583
0.421 958.044
0.4215 958.502
0.422 958.957
0.4225 959.409
0.423 959.859
0.4235 960.305
0.424 960.748
0.4245 961.188
0.425 961.625
0.4255 962.06
0.426 962.491
0.4265 962.92
0.427 963.345
0.4275 963.768
0.428 964.187
0.4285 964.604
0.429 965.018
0.4295 965.429
0.43 965.837
0.4305 966.241
0.431 966.643
0.4315 967.042
0.432 967.439
0.4325 967.832
0.433 968.222
0.4335 968.609
0.434 968.994
0.4345 969.375
0.435 969.754
0.4355 970.129
0.436 970.502
0.4365 970.871
0.437 971.238
0.4375 971.602
0.438 971.963
0.4385 972.321
0.439 972.676
0.4395 973.028
0.44 973.377
0.4405 973.723
0.441 974.067
0.4415 974.407
0.442 974.745
0.4425 975.079
0.443 975.411
0.4435 975.74
0.444 976.065
0.4445 976.388
0.445 976.708
0.4455 977.025
0.446 977.34
0.4465 977.651
0.447 977.959
0.4475 978.264
0.448 978.567
0.4485 978.866
0.449 979.163
0.4495 979.457
0.45 979.748
0.4505 980.035
0.451 980.32
0.4515 980.603
0.452 980.882
0.4525 981.158
0.453 981.431
0.4535 981.702
0.454 981.969
0.4545 982.234
0.455 982.496
0.4555 982.754
0.456 983.01
0.4565 983.263
0.457 983.513
0.4575 983.76
0.458 984.005
0.4585 984.246
0.459 984.485
0.4595 984.72
0.46 984.953
0.4605 985.183
0.461 985.409
0.4615 985.633
0.462 985.854
0.4625 986.073
0.463 986.288
0.4635 986.5
0.464 986.71
0.4645 986.916
0.465 987.12
0.4655 987.321
0.466 987.518
0.4665 987.713
0.467 987.905
0.4675 988.095
0.468 988.281
0.4685 988.464
0.469 988.645
0.4695 988.822
0.47 988.997
0.4705 989.169
0.471 989.338
0.4715 989.504
0.472 989.667
0.4725 989.827
0.473 989.984
0.4735 990.139
0.474 990.29
0.4745 990.439
0.475 990.585
0.4755 990.728
0.476 990.868
0.4765 991.005
0.477 991.139
0.4775 991.27
0.478 991.399
0.4785 991.524
0.479 991.647
0.4795 991.767
0.48 991.883
0.4805 991.997
0.481 992.108
0.4815 992.217
0.482 992.322
0.4825 992.424
0.483 992.524
0.4835 992.621
0.484 992.714
0.4845 992.805
0.485 992.893
0.4855 992.978
0.486 993.061
0.4865 993.14
0.487 993.216
0.4875 993.29
0.488 993.361
0.4885 993.428
0.489 993.493
0.4895 993.555
0.49 993.614
0.4905 993.671
0.491 993.724
0.4915 993.774
0.492 993.822
0.4925 993.867
0.493 993.909
0.4935 993.947
0.494 993.984
0.4945 994.017
0.495 994.047
0.4955 994.074
0.496 994.099
0.4965 994.121
0.497 994.139
0.4975 994.155
0.498 994.168
0.4985 994.178
0.499 994.185
0.4995 994.19
0.5 994.191
0.5005 994.19
0.501 994.185
0.5015 994.178
0.502 994.168
0.5025 994.155
0.503 994.139
0.5035 994.121
0.504 994.099
0.5045 994.074
0.505 994.047
0.5055 994.017
0.506 993.984
0.5065 993.947
0.507 993.909
0.5075 993.867
0.508 993.822
0.5085 993.774
0.509 993.724
0.5095 993.671
0.51 993.614
0.5105 993.555
0.511 993.493
0.5115 993.428
0.512 993.361
0.5125 993.29
0.513 993.216
0.5135 993.14
0.514 993.061
0.5145 992.978
0.515 992.893
0.5155 992.805
0.516 992.714
0.5165 992.621
0.517 992.524
0.5175 992.424
0.518 992.322
0.5185 992.217
0.519 992.108
0.5195 991.997
0.52 991.883
0.5205 991.767
0.521 991.647
0.5215 991.524
0.522 991.399
0.5225 991.27
0.523 991.139
0.5235 991.005
0.524 990.868
0.5245 990.728
0.525 990.585
0.5255 990.439
0.526 990.29
0.5265 990.139
0.527 989.984
0.5275 989.827
0.528 989.667
0.5285 989.504
0.529 989.338
0.5295 989.169
0.53 988.997
0.5305 988.822
0.531 988.645
0.5315 988.464
0.532 988.281
0.5325 988.095
0.533 987.905
0.5335 987.713
0.534 987.518
0.5345 987.321
0.535 987.12
0.5355 986.916
0.536 986.71
0.5365 986.5
0.537 986.288
0.5375 986.073
0.538 985.854
0.5385 985.633
0.539 985.409
0.5395 985.183
0.54 984.953
0.5405 984.72
0.541 984.485
0.5415 984.246
0.542 984.005
0.5425 983.76
0.543 983.513
0.5435 983.263
0.544 983.01
0.5445 982.754
0.545 982.496
0.5455 982.234
0.546 981.969
0.5465 981.702
0.547 981.431
0.5475 981.158
0.548 980.882
0.5485 980.603
0.549 980.32
0.5495 980.035
0.55 979.748
0.5505 979.457
0.551 979.163
0.5515 978.866
0.552 978.567
0.5525 978.264
0.553 977.959
0.5535 977.651
0.554 977.34
0.5545 977.025
0.555 976.708
0.5555 976.388
0.556 976.065
0.5565 975.74
0.557 975.411
0.5575 975.079
0.558 974.745
0.5585 974.407
0.559 974.067
0.5595 973.723
0.56 973.377
0.5605 973.028
0.561 972.676
0.5615 972.321
0.562 971.963
0.5625 971.602
0.563 971.238
0.5635 970.871
0.564 970.502
0.5645 970.129
0.565 969.754
0.5655 969.375
0.566 968.994
0.5665 968.609
0.567 968.222
0.5675 967.832
0.568 967.439
0.5685 967.042
0.569 966.643
0.5695 966.241
0.57 965.837
0.5705 965.429
0.571 965.018
0.5715 964.604
0.572 964.187
0.5725 963.768
0.573 963.345
0.5735 962.92
0.574 962.491
0.5745 962.06
0.575 961.625
0.5755 961.188
0.576 960.748
0.5765 960.305
0.577 959.858
0.5775 959.409
0.578 958.957
0.5785 958.502
0.579 958.044
0.5795 957.583
0.58 957.119
0.5805 956.653
0.581 956.183
0.5815 955.71
0.582 955.234
0.5825 954.756
0.583 954.274
0.5835 953.789
0.584 953.302
0.5845 952.811
0.585 952.318
0.5855 951.821
0.586 951.322
0.5865 950.819
0.587 950.314
0.5875 949.805
0.588 949.294
0.5885 948.78
0.589 948.262
0.5895 947.742
0.59 947.219
0.5905 946.692
0.591 946.163
0.5915 945.631
0.592 945.096
0.5925 944.558
0.593 944.017
0.5935 943.472
0.594 942.925
0.5945 942.375
0.595 941.822
0.5955 941.266
0.596 940.707
0.5965 940.145
0.597 939.58
0.5975 939.012
0.598 938.441
0.5985 937.866
0.599 937.289
0.5995 936.709
0.6 936.126
0.6005 935.54
0.601 934.951
0.6015 934.359
0.602 933.764
0.6025 933.166
0.603 932.565
0.6035 931.961
0.604 931.353
0.6045 930.743
0.605 930.13
0.6055 929.514
0.606 928.895
0.6065 928.273
0.607 927.647
0.6075 927.019
0.608 926.388
0.6085 925.754
0.609 925.116
0.6095 924.476
0.61 923.833
0.6105 923.186
0.611 922.537
0.6115 921.884
0.612 921.229
0.6125 920.57
0.613 919.909
0.6135 919.244
0.614 918.577
0.6145 917.906
0.615 917.232
0.6155 916.555
0.616 915.876
0.6165 915.193
0.617 914.507
0.6175 913.818
0.618 913.126
0.6185 912.431
0.619 911.733
0.6195 911.032
0.62 910.327
0.6205 909.62
0.621 908.91
0.6215 908.196
0.622 907.48
0.6225 906.76
0.623 906.038
0.6235 905.312
0.624 904.584
0.6245 903.852
0.625 903.117
0.6255 902.379
0.626 901.638
0.6265 900.894
0.627 900.147
0.6275 899.396
0.628 898.643
0.6285 897.887
0.629 897.127
0.6295 896.365
0.63 895.599
0.6305 894.83
0.631 894.058
0.6315 893.283
0.632 892.505
0.6325 891.724
0.633 890.94
0.6335 890.153
0.634 889.362
0.6345 888.569
0.635 887.772
0.6355 886.972
0.636 886.17
0.6365 885.364
0.637 884.554
0.6375 883.742
0.638 882.927
0.6385 882.109
0.639 881.287
0.6395 880.462
0.64 879.635
0.6405 878.804
0.641 877.97
0.6415 877.132
0.642 876.292
0.6425 875.449
0.643 874.602
0.6435 873.752
0.644 872.899
0.6445 872.043
0.645 871.184
0.6455 870.322
0.646 869.457
0.6465 868.588
0.647 867.716
0.6475 866.841
0.648 865.963
0.6485 865.082
0.649 864.198
0.6495 863.31
0.65 862.42
0.6505 861.526
0.651 860.629
0.6515 859.729
0.652 858.825
0.6525 857.919
0.653 857.009
0.6535 856.096
0.654 855.18
0.6545 854.261
0.655 853.338
0.6555 852.413
0.656 851.484
0.6565 850.552
0.657 849.617
0.6575 848.679
0.658 847.737
0.6585 846.792
0.659 845.844
0.6595 844.893
0.66 843.939
0.6605 842.981
0.661 842.02
0.6615 841.056
0.662 840.089
0.6625 839.119
0.663 838.145
0.6635 837.168
0.664 836.188
0.6645 835.205
0.665 834.218
0.6655 833.229
0.666 832.236
0.6665 831.239
0.667 830.24
0.6675 829.237
0.668 828.231
0.6685 827.222
0.669 826.21
0.6695 825.194
0.67 824.175
0.6705 823.153
0.671 822.127
0.6715 821.099
0.672 820.067
0.6725 819.031
0.673 817.993
0.6735 816.951
0.674 815.906
0.6745 814.858
0.675 813.806
0.6755 812.751
0.676 811.693
0.6765 810.632
0.677 809.567
0.6775 808.499
0.678 807.428
0.6785 806.353
0.679 805.275
0.6795 804.194
0.68 803.109
0.6805 802.022
0.681 800.93
0.6815 799.836
0.682 798.738
0.6825 797.637
0.683 796.533
0.6835 795.425
0.684 794.314
0.6845 793.2
0.685 792.082
0.6855 790.961
0.686 789.837
0.6865 788.709
0.687 787.578
0.6875 786.444
0.688 785.306
0.6885 784.165
0.689 783.021
0.6895 781.873
0.69 780.722
0.6905 779.567
0.691 778.41
0.6915 777.248
0.692 776.084
0.6925 774.916
0.693 773.745
0.6935 772.57
0.694 771.392
0.6945 770.21
0.695 769.026
0.6955 767.837
0.696 766.646
0.6965 765.451
0.697 764.252
0.6975 763.051
0.698 761.845
0.6985 760.637
0.699 759.425
0.6995 758.209
0.7 756.991
0.7005 755.768
0.701 754.543
0.7015 753.314
0.702 752.081
0.7025 750.845
0.703 749.606
0.7035 748.363
0.704 747.117
0.7045 745.867
0.705 744.614
0.7055 743.357
0.706 742.097
0.7065 740.833
0.707 739.566
0.7075 738.296
0.708 737.022
0.7085 735.745
0.709 734.464
0.7095 733.18
0.71 731.892
0.7105 730.6
0.711 729.306
0.7115 728.007
0.712 726.706
0.7125 725.4
0.713 724.092
0.7135 722.779
0.714 721.464
0.7145 720.144
0.715 718.822
0.7155 717.495
0.716 716.165
0.7165 714.832
0.717 713.495
0.7175 712.155
0.718 710.811
0.7185 709.464
0.719 708.113
0.7195 706.758
0.72 705.4
0.7205 704.038
0.721 702.673
0.7215 701.304
0.722 699.932
0.7225 698.556
0.723 697.177
0.7235 695.794
0.724 694.407
0.7245 693.017
0.725 691.623
0.7255 690.226
0.726 688.825
0.7265 687.42
0.727 686.012
0.7275 684.6
0.728 683.185
0.7285 681.766
0.729 680.344
0.7295 678.917
0.73 677.488
0.7305 676.054
0.731 674.617
0.7315 673.176
0.732 671.732
0.7325 670.284
0.733 668.833
0.7335 667.377
0.734 665.919
0.7345 664.456
0.735 662.99
0.7355 661.52
0.736 660.046
0.7365 658.569
0.737 657.088
0.7375 655.604
0.738 654.116
0.7385 652.624
0.739 651.128
0.7395 649.629
0.74 648.126
0.7405 646.619
0.741 645.109
0.7415 643.595
0.742 642.077
0.7425 640.556
0.743 639.03
0.7435 637.501
0.744 635.969
0.7445 634.432
0.745 632.892
0.7455 631.348
0.746 629.801
0.7465 628.249
0.747 626.694
0.7475 625.135
0.748 623.573
0.7485 622.006
0.749 620.436
0.7495 618.862
0.75 617.284
0.7505 615.703
0.751 614.118
0.7515 612.529
0.752 610.936
0.7525 609.339
0.753 607.739
0.7535 606.134
0.754 604.526
0.7545 602.914
0.755 601.299
0.7555 599.679
0.756 598.056
0.7565 596.429
0.757 594.798
0.7575 593.163
0.758 591.524
0.7585 589.882
0.759 588.236
0.7595 586.585
0.76 584.931
0.7605 583.273
0.761 581.612
0.7615 579.946
0.762 578.277
0.7625 576.603
0.763 574.926
0.7635 573.245
0.764 571.56
0.7645 569.871
0.765 568.178
0.7655 566.481
0.766 564.781
0.7665 563.076
0.767 561.368
0.7675 559.656
0.768 557.939
0.7685 556.219
0.769 554.495
0.7695 552.767
0.77 551.035
0.7705 549.299
0.771 547.559
0.7715 545.816
0.772 544.068
0.7725 542.316
0.773 540.561
0.7735 538.801
0.774 537.038
0.7745 535.27
0.775 533.499
0.7755 531.723
0.776 529.944
0.7765 528.161
0.777 526.373
0.7775 524.582
0.778 522.787
0.7785 520.987
0.779 519.184
0.7795 517.377
0.78 515.565
0.7805 513.75
0.781 511.931
0.7815 510.108
0.782 508.28
0.7825 506.449
0.783 504.614
0.7835 502.774
0.784 500.931
0.7845 499.084
0.785 497.232
0.7855 495.377
0.786 493.517
0.7865 491.654
0.787 489.786
0.7875 487.915
0.788 486.039
0.7885 484.16
0.789 482.276
0.7895 480.388
0.79 478.496
0.7905 476.601
0.791 474.701
0.7915 472.797
0.792 470.889
0.7925 468.977
0.793 467.061
0.7935 465.141
0.794 463.217
0.7945 461.288
0.795 459.356
0.7955 457.42
0.796 455.479
0.7965 453.535
0.797 451.587
0.7975 449.634
0.798 447.677
0.7985 445.717
0.799 443.752
0.7995 441.783
0.8 439.811
0.8005 437.834
0.801 435.853
0.8015 433.868
0.802 431.879
0.8025 429.886
0.803 427.889
0.8035 425.888
0.804 423.883
0.8045 421.874
0.805 419.861
0.8055 417.843
0.806 415.822
0.8065 413.797
0.807 411.768
0.8075 409.734
0.808 407.697
0.8085 405.656
0.809 403.611
0.8095 401.561
0.81 399.508
0.8105 397.451
0.811 395.39
0.8115 393.325
0.812 391.256
0.8125 389.182
0.813 387.105
0.8135 385.025
0.814 382.94
0.8145 380.851
0.815 378.758
0.8155 376.662
0.816 374.561
0.8165 372.457
0.817 370.349
0.8175 368.236
0.818 366.121
0.8185 364.001
0.819 361.877
0.8195 359.75
0.82 357.619
0.8205 355.484
0.821 353.345
0.8215 351.202
0.822 349.056
0.8225 346.906
0.823 344.752
0.8235 342.595
0.824 340.434
0.8245 338.269
0.825 336.101
0.8255 333.929
0.826 331.754
0.8265 329.575
0.827 327.392
0.8275 325.206
0.828 323.016
0.8285 320.823
0.829 318.626
0.8295 316.426
0.83 314.223
0.8305 312.016
0.831 309.806
0.8315 307.592
0.832 305.375
0.8325 303.155
0.833 300.932
0.8335 298.705
0.834 296.476
0.8345 294.243
0.835 292.007
0.8355 289.768
0.836 287.526
0.8365 285.281
0.837 283.033
0.8375 280.782
0.838 278.528
0.8385 276.271
0.839 274.012
0.8395 271.749
0.84 269.484
0.8405 267.217
0.841 264.946
0.8415 262.674
0.842 260.398
0.8425 258.12
0.843 255.84
0.8435 253.557
0.844 251.273
0.8445 248.985
0.845 246.696
0.8455 244.404
0.846 242.111
0.8465 239.815
0.847 237.517
0.8475 235.217
0.848 232.916
0.8485 230.613
0.849 228.308
0.8495 226.001
0.85 223.693
0.8505 221.383
0.851 219.072
0.8515 216.759
0.852 214.445
0.8525 212.13
0.853 209.814
0.8535 207.497
0.854 205.178
0.8545 202.859
0.855 200.539
0.8555 198.218
0.856 195.897
0.8565 193.575
0.857 191.253
0.8575 188.93
0.858 186.607
0.8585 184.283
0.859 181.96
0.8595 179.636
0.86 177.313
0.8605 174.99
0.861 172.667
0.8615 170.345
0.862 168.023
0.8625 165.701
0.863 163.381
0.8635 161.061
0.864 158.742
0.8645 156.424
0.865 154.108
0.8655 151.792
0.866 149.478
0.8665 147.166
0.867 144.855
0.8675 142.546
0.868 140.239
0.8685 137.933
0.869 135.63
0.8695 133.329
0.87 131.031
0.8705 128.735
0.871 126.442
0.8715 124.151
0.872 121.864
0.8725 119.579
0.873 117.298
0.8735 115.02
0.874 112.746
0.8745 110.475
0.875 108.208
0.8755 105.944
0.876 103.685
0.8765 101.43
0.877 99.1799
0.8775 96.9339
0.878 94.6926
0.8785 92.4561
0.879 90.2246
0.8795 87.9983
0.88 85.7773
0.8805 83.5618
0.881 81.3519
0.8815 79.1479
0.882 76.9499
0.8825 74.758
0.883 72.5725
0.8835 70.3934
0.884 68.2211
0.8845 66.0557
0.885 63.8973
0.8855 61.7461
0.886 59.6024
0.8865 57.4663
0.887 55.338
0.8875 53.2177
0.888 51.1056
0.8885 49.0019
0.889 46.9069
0.8895 44.8206
0.89 42.7433
0.8905 40.6753
0.891 38.6167
0.8915 36.5678
0.892 34.5288
0.8925 32.4999
0.893 30.4813
0.8935 28.4733
0.894 26.4762
0.8945 24.4901
0.895 22.5152
0.8955 20.552
0.896 18.6006
0.8965 16.6612
0.897 14.7342
0.8975 12.8199
0.898 10.9184
0.8985 9.03021
0.899 7.15549
0.8995 5.2946
0.9 3.44784
0.9005 1.61557
0.901 -0.201859
0.9015 -2.00402
0.902 -3.79028
0.9025 -5.55941
0.903 -7.3082
0.9035 -9.02723
0.904 -10.6884
0.9045 -12.2151
0.905 -13.4509
0.9055 -14.239
0.906 -14.6173
0.9065 -14.7679
0.907 -14.8263
0.9075 -14.8525
0.908 -14.8677
0.9085 -14.8793
0.909 -14.8897
0.9095 -14.8996
0.91 -14.9094
0.9105 -14.919
0.911 -14.9287
0.9115 -14.9383
0.912 -14.9478
0.9125 -14.9574
0.913 -14.9669
0.9135 -14.9764
0.914 -14.9859
0.9145 -14.9953
0.915 -15.0048
0.9155 -15.0142
0.916 -15.0236
0.9165 -15.0329
0.917 -15.0423
0.9175 -15.0516
0.918 -15.0609
0.9185 -15.0702
0.919 -15.0794
0.9195 -15.0886
0.92 -15.0979
0.9205 -15.107
0.921 -15.1162
0.9215 -15.1254
0.922 -15.1345
0.9225 -15.1436
0.923 -15.1527
0.9235 -15.1618
0.924 -15.1708
0.9245 -15.1798
0.925 -15.1888
0.9255 -15.1978
0.926 -15.2068
0.9265 -15.2158
0.927 -15.2247
0.9275 -15.2336
0.928 -15.2425
0.9285 -15.2514
0.929 -15.2602
0.9295 -15.2691
0.93 -15.2779
0.9305 -15.2867
0.931 -15.2955
0.9315 -15.3043
0.932 -15.313
0.9325 -15.3218
0.933 -15.3305
0.9335 -15.3392
0.934 -15.3479
0.9345 -15.3566
0.935 -15.3652
0.9355 -15.3738
0.936 -15.3825
0.9365 -15.3911
0.937 -15.3997
0.9375 -15.4082
0.938 -15.4168
0.9385 -15.4253
0.939 -15.4339
0.9395 -15.4424
0.94 -15.4509
0.9405 -15.4594
0.941 -15.4678
0.9415 -15.4763
0.942 -15.4847
0.9425 -15.4931
0.943 -15.5015
0.9435 -15.5099
0.944 -15.5183
0.9445 -15.5267
0.945 -15.535
0.9455 -15.5433
0.946 -15.5517
0.9465 -15.56
0.947 -15.5683
0.9475 -15.5765
0.948 -15.5848
0.9485 -15.5931
0.949 -15.6013
0.9495 -15.6095
0.95 -15.6177
0.9505 -15.6259
0.951 -15.6341
0.9515 -15.6423
0.952 -15.6504
0.9525 -15.6586
0.953 -15.6667
0.9535 -15.6748
0.954 -15.6829
0.9545 -15.691
0.955 -15.6991
0.9555 -15.7072
0.956 -15.7152
0.9565 -15.7233
0.957 -15.7313
0.9575 -15.7393
0.958 -15.7474
0.9585 -15.7554
0.959 -15.7633
0.9595 -15.7713
0.96 -15.7793
0.9605 -15.7872
0.961 -15.7952
0.9615 -15.8031
0.962 -15.811
0.9625 -15.8189
0.963 -15.8268
0.9635 -15.8347
0.964 -15.8425
0.9645 -15.8504
0.965 -15.8583
0.9655 -15.8661
0.966 -15.8739
0.9665 -15.8817
0.967 -15.8895
0.9675 -15.8973
0.968 -15.9051
0.9685 -15.9129
0.969 -15.9206
0.9695 -15.9284
0.97 -15.9361
0.9705 -15.9439
0.971 -15.9516
0.9715 -15.9593
0.972 -15.967
0.9725 -15.9747
0.973 -15.9824
0.9735 -15.99
0.974 -15.9977
0.9745 -16.0053
0.975 -16.013
0.9755 -16.0206
0.976 -16.0282
0.9765 -16.0358
0.977 -16.0434
0.9775 -16.051
0.978 -16.0586
0.9785 -16.0662
0.979 -16.0738
0.9795 -16.0813
0.98 -16.0889
0.9805 -16.0964
0.981 -16.1039
0.9815 -16.1114
0.982 -16.119
0.9825 -16.1265
0.983 -16.1339
0.9835 -16.1414
0.984 -16.1489
0.9845 -16.1564
0.985 -16.1638
0.9855 -16.1713
0.986 -16.1787
0.9865 -16.1861
0.987 -16.1936
0.9875 -16.201
0.988 -16.2084
0.9885 -16.2158
0.989 -16.2232
0.9895 -16.2305
0.99 -16.2379
0.9905 -16.2453
0.991 -16.2526
0.9915 -16.26
0.992 -16.2673
0.9925 -16.2746
0.993 -16.282
0.9935 -16.2893
0.994 -16.2966
0.9945 -16.3039
0.995 -16.3112
0.9955 -16.3185
0.996 -16.3257
0.9965 -16.333
0.997 -16.3403
0.9975 -16.3475
0.998 -16.3548
0.9985 -16.362
0.999 -16.3692
0.9995 -16.3765
1 -inf
------------
