k:512_n:1024_sigma:64_iters:1
Printing log2 count distribution: 
0 -110.567
0.000976562 -104.567
0.00195312 -99.5897
0.00292969 -95.2204
0.00390625 -91.2897
0.00488281 -87.7047
0.00585938 -84.4071
0.00683594 -81.3564
0.0078125 -78.5235
0.00878906 -75.8861
0.00976562 -73.4267
0.0107422 -71.1312
0.0117188 -68.9883
0.0126953 -66.9883
0.0136719 -65.1232
0.0146484 -63.3862
0.015625 -61.7715
0.0166016 -60.274
0.0175781 -58.8894
0.0185547 -57.6137
0.0195312 -56.4438
0.0205078 -55.3767
0.0214844 -54.4098
0.0224609 -53.5411
0.0234375 -52.7685
0.0244141 -52.0904
0.0253906 -51.5055
0.0263672 -51.0124
0.0273438 -50.6103
0.0283203 -50.2984
0.0292969 -50.0759
0.0302734 -49.9425
0.03125 -49.8977
0.0322266 -49.9409
0.0332031 -50.0703
0.0341797 -50.2806
0.0351562 -50.5542
0.0361328 -50.8355
0.0371094 -50.9797
0.0380859 -50.7559
0.0390625 -50.0863
0.0400391 -49.1579
0.0410156 -48.1591
0.0419922 -47.1733
0.0429688 -46.227
0.0439453 -45.3274
0.0449219 -44.4762
0.0458984 -43.6733
0.046875 -42.9184
0.0478516 -42.2112
0.0488281 -41.5513
0.0498047 -40.9383
0.0507812 -40.3719
0.0517578 -39.8519
0.0527344 -39.3779
0.0537109 -38.9497
0.0546875 -38.567
0.0556641 -38.2295
0.0566406 -37.9369
0.0576172 -37.6887
0.0585938 -37.484
0.0595703 -37.3213
0.0605469 -37.1978
0.0615234 -37.1078
0.0625 -37.0408
0.0634766 -36.9771
0.0644531 -36.8838
0.0654297 -36.7141
0.0664062 -36.4206
0.0673828 -35.9821
0.0683594 -35.4187
0.0693359 -34.7761
0.0703125 -34.0985
0.0712891 -33.4166
0.0722656 -32.7481
0.0732422 -32.1022
0.0742188 -31.4834
0.0751953 -30.8939
0.0761719 -30.3345
0.0771484 -29.8056
0.078125 -29.3074
0.0791016 -28.8397
0.0800781 -28.4025
0.0810547 -27.9957
0.0820312 -27.6189
0.0830078 -27.272
0.0839844 -26.9544
0.0849609 -26.6657
0.0859375 -26.4049
0.0869141 -26.1705
0.0878906 -25.9602
0.0888672 -25.7702
0.0898438 -25.5948
0.0908203 -25.4254
0.0917969 -25.2494
0.0927734 -25.0504
0.09375 -24.81
0.0947266 -24.5114
0.0957031 -24.146
0.0966797 -23.7163
0.0976562 -23.2347
0.0986328 -22.7186
0.0996094 -22.1852
0.100586 -21.6479
0.101562 -21.1158
0.102539 -20.591
0.103516 -20.0507
0.104492 -19.3511
0.105469 -17.9926
0.106445 -15.6007
0.107422 -12.6927
0.108398 -9.67707
0.109375 -6.65484
0.110352 -3.64353
0.111328 -0.645922
0.112305 2.33764
0.113281 5.30718
0.114258 8.2628
0.115234 11.2046
0.116211 14.1326
0.117188 17.0471
0.118164 19.948
0.119141 22.8354
0.120117 25.7095
0.121094 28.5704
0.12207 31.418
0.123047 34.2526
0.124023 37.0742
0.125 39.8829
0.125977 42.6788
0.126953 45.462
0.12793 48.2325
0.128906 50.9904
0.129883 53.7359
0.130859 56.4689
0.131836 59.1896
0.132812 61.898
0.133789 64.5943
0.134766 67.2784
0.135742 69.9505
0.136719 72.6107
0.137695 75.2589
0.138672 77.8953
0.139648 80.52
0.140625 83.133
0.141602 85.7344
0.142578 88.3242
0.143555 90.9026
0.144531 93.4695
0.145508 96.025
0.146484 98.5693
0.147461 101.102
0.148438 103.624
0.149414 106.135
0.150391 108.635
0.151367 111.123
0.152344 113.601
0.15332 116.068
0.154297 118.524
0.155273 120.969
0.15625 123.404
0.157227 125.828
0.158203 128.241
0.15918 130.644
0.160156 133.036
0.161133 135.418
0.162109 137.79
0.163086 140.151
0.164062 142.502
0.165039 144.842
0.166016 147.173
0.166992 149.493
0.167969 151.803
0.168945 154.103
0.169922 156.393
0.170898 158.673
0.171875 160.943
0.172852 163.204
0.173828 165.454
0.174805 167.695
0.175781 169.926
0.176758 172.147
0.177734 174.359
0.178711 176.561
0.179688 178.753
0.180664 180.936
0.181641 183.109
0.182617 185.273
0.183594 187.428
0.18457 189.573
0.185547 191.709
0.186523 193.835
0.1875 195.952
0.188477 198.06
0.189453 200.159
0.19043 202.249
0.191406 204.329
0.192383 206.401
0.193359 208.463
0.194336 210.516
0.195312 212.561
0.196289 214.596
0.197266 216.623
0.198242 218.64
0.199219 220.649
0.200195 222.649
0.201172 224.64
0.202148 226.623
0.203125 228.597
0.204102 230.562
0.205078 232.518
0.206055 234.466
0.207031 236.405
0.208008 238.336
0.208984 240.258
0.209961 242.171
0.210938 244.077
0.211914 245.973
0.212891 247.861
0.213867 249.741
0.214844 251.613
0.21582 253.476
0.216797 255.331
0.217773 257.177
0.21875 259.016
0.219727 260.846
0.220703 262.668
0.22168 264.481
0.222656 266.287
0.223633 268.084
0.224609 269.874
0.225586 271.655
0.226562 273.428
0.227539 275.193
0.228516 276.95
0.229492 278.7
0.230469 280.441
0.231445 282.174
0.232422 283.899
0.233398 285.617
0.234375 287.327
0.235352 289.028
0.236328 290.722
0.237305 292.409
0.238281 294.087
0.239258 295.758
0.240234 297.421
0.241211 299.076
0.242188 300.724
0.243164 302.364
0.244141 303.996
0.245117 305.62
0.246094 307.237
0.24707 308.847
0.248047 310.449
0.249023 312.043
0.25 313.63
0.250977 315.209
0.251953 316.781
0.25293 318.346
0.253906 319.903
0.254883 321.452
0.255859 322.994
0.256836 324.529
0.257812 326.056
0.258789 327.576
0.259766 329.089
0.260742 330.594
0.261719 332.092
0.262695 333.583
0.263672 335.067
0.264648 336.543
0.265625 338.012
0.266602 339.474
0.267578 340.929
0.268555 342.376
0.269531 343.816
0.270508 345.249
0.271484 346.675
0.272461 348.094
0.273438 349.506
0.274414 350.911
0.275391 352.309
0.276367 353.699
0.277344 355.083
0.27832 356.459
0.279297 357.829
0.280273 359.191
0.28125 360.547
0.282227 361.896
0.283203 363.237
0.28418 364.572
0.285156 365.9
0.286133 367.221
0.287109 368.535
0.288086 369.842
0.289062 371.142
0.290039 372.436
0.291016 373.723
0.291992 375.002
0.292969 376.275
0.293945 377.542
0.294922 378.801
0.295898 380.054
0.296875 381.3
0.297852 382.539
0.298828 383.771
0.299805 384.997
0.300781 386.216
0.301758 387.429
0.302734 388.634
0.303711 389.833
0.304688 391.026
0.305664 392.211
0.306641 393.39
0.307617 394.563
0.308594 395.729
0.30957 396.888
0.310547 398.041
0.311523 399.187
0.3125 400.326
0.313477 401.459
0.314453 402.586
0.31543 403.706
0.316406 404.819
0.317383 405.926
0.318359 407.026
0.319336 408.12
0.320312 409.208
0.321289 410.289
0.322266 411.363
0.323242 412.432
0.324219 413.493
0.325195 414.548
0.326172 415.597
0.327148 416.64
0.328125 417.676
0.329102 418.705
0.330078 419.729
0.331055 420.746
0.332031 421.756
0.333008 422.76
0.333984 423.758
0.334961 424.75
0.335938 425.735
0.336914 426.714
0.337891 427.687
0.338867 428.653
0.339844 429.613
0.34082 430.567
0.341797 431.514
0.342773 432.456
0.34375 433.391
0.344727 434.32
0.345703 435.242
0.34668 436.158
0.347656 437.069
0.348633 437.972
0.349609 438.87
0.350586 439.762
0.351562 440.647
0.352539 441.526
0.353516 442.399
0.354492 443.266
0.355469 444.127
0.356445 444.981
0.357422 445.83
0.358398 446.672
0.359375 447.508
0.360352 448.338
0.361328 449.162
0.362305 449.98
0.363281 450.792
0.364258 451.598
0.365234 452.397
0.366211 453.191
0.367188 453.978
0.368164 454.76
0.369141 455.535
0.370117 456.305
0.371094 457.068
0.37207 457.825
0.373047 458.576
0.374023 459.322
0.375 460.061
0.375977 460.794
0.376953 461.521
0.37793 462.242
0.378906 462.958
0.379883 463.667
0.380859 464.37
0.381836 465.068
0.382812 465.759
0.383789 466.444
0.384766 467.124
0.385742 467.797
0.386719 468.465
0.387695 469.126
0.388672 469.782
0.389648 470.432
0.390625 471.076
0.391602 471.714
0.392578 472.346
0.393555 472.972
0.394531 473.592
0.395508 474.206
0.396484 474.815
0.397461 475.418
0.398438 476.014
0.399414 476.605
0.400391 477.19
0.401367 477.769
0.402344 478.342
0.40332 478.91
0.404297 479.471
0.405273 480.027
0.40625 480.577
0.407227 481.121
0.408203 481.659
0.40918 482.191
0.410156 482.718
0.411133 483.239
0.412109 483.754
0.413086 484.263
0.414062 484.766
0.415039 485.264
0.416016 485.755
0.416992 486.241
0.417969 486.721
0.418945 487.196
0.419922 487.664
0.420898 488.127
0.421875 488.584
0.422852 489.035
0.423828 489.481
0.424805 489.92
0.425781 490.354
0.426758 490.782
0.427734 491.205
0.428711 491.622
0.429688 492.032
0.430664 492.438
0.431641 492.837
0.432617 493.231
0.433594 493.619
0.43457 494.001
0.435547 494.378
0.436523 494.748
0.4375 495.113
0.438477 495.473
0.439453 495.826
0.44043 496.174
0.441406 496.517
0.442383 496.853
0.443359 497.184
0.444336 497.509
0.445312 497.828
0.446289 498.142
0.447266 498.45
0.448242 498.752
0.449219 499.049
0.450195 499.34
0.451172 499.625
0.452148 499.905
0.453125 500.179
0.454102 500.447
0.455078 500.709
0.456055 500.966
0.457031 501.217
0.458008 501.463
0.458984 501.703
0.459961 501.937
0.460938 502.165
0.461914 502.388
0.462891 502.605
0.463867 502.817
0.464844 503.023
0.46582 503.223
0.466797 503.417
0.467773 503.606
0.46875 503.789
0.469727 503.967
0.470703 504.139
0.47168 504.305
0.472656 504.466
0.473633 504.621
0.474609 504.77
0.475586 504.914
0.476562 505.052
0.477539 505.184
0.478516 505.311
0.479492 505.432
0.480469 505.548
0.481445 505.657
0.482422 505.762
0.483398 505.86
0.484375 505.953
0.485352 506.04
0.486328 506.122
0.487305 506.198
0.488281 506.269
0.489258 506.333
0.490234 506.392
0.491211 506.446
0.492188 506.494
0.493164 506.536
0.494141 506.573
0.495117 506.604
0.496094 506.629
0.49707 506.649
0.498047 506.663
0.499023 506.671
0.5 506.674
0.500977 506.671
0.501953 506.663
0.50293 506.649
0.503906 506.629
0.504883 506.604
0.505859 506.573
0.506836 506.536
0.507812 506.494
0.508789 506.446
0.509766 506.392
0.510742 506.333
0.511719 506.269
0.512695 506.198
0.513672 506.122
0.514648 506.04
0.515625 505.953
0.516602 505.86
0.517578 505.762
0.518555 505.657
0.519531 505.548
0.520508 505.432
0.521484 505.311
0.522461 505.184
0.523438 505.052
0.524414 504.914
0.525391 504.77
0.526367 504.621
0.527344 504.466
0.52832 504.305
0.529297 504.139
0.530273 503.967
0.53125 503.789
0.532227 503.606
0.533203 503.417
0.53418 503.223
0.535156 503.023
0.536133 502.817
0.537109 502.605
0.538086 502.388
0.539062 502.165
0.540039 501.937
0.541016 501.703
0.541992 501.463
0.542969 501.217
0.543945 500.966
0.544922 500.709
0.545898 500.447
0.546875 500.179
0.547852 499.905
0.548828 499.625
0.549805 499.34
0.550781 499.049
0.551758 498.752
0.552734 498.45
0.553711 498.142
0.554688 497.828
0.555664 497.509
0.556641 497.184
0.557617 496.853
0.558594 496.517
0.55957 496.174
0.560547 495.826
0.561523 495.473
0.5625 495.113
0.563477 494.748
0.564453 494.378
0.56543 494.001
0.566406 493.619
0.567383 493.231
0.568359 492.837
0.569336 492.438
0.570312 492.032
0.571289 491.622
0.572266 491.205
0.573242 490.782
0.574219 490.354
0.575195 489.92
0.576172 489.481
0.577148 489.035
0.578125 488.584
0.579102 488.127
0.580078 487.664
0.581055 487.196
0.582031 486.721
0.583008 486.241
0.583984 485.755
0.584961 485.264
0.585938 484.766
0.586914 484.263
0.587891 483.754
0.588867 483.239
0.589844 482.718
0.59082 482.191
0.591797 481.659
0.592773 481.121
0.59375 480.577
0.594727 480.027
0.595703 479.471
0.59668 478.91
0.597656 478.342
0.598633 477.769
0.599609 477.19
0.600586 476.605
0.601562 476.014
0.602539 475.418
0.603516 474.815
0.604492 474.206
0.605469 473.592
0.606445 472.972
0.607422 472.346
0.608398 471.714
0.609375 471.076
0.610352 470.432
0.611328 469.782
0.612305 469.126
0.613281 468.465
0.614258 467.797
0.615234 467.124
0.616211 466.444
0.617188 465.759
0.618164 465.068
0.619141 464.37
0.620117 463.667
0.621094 462.958
0.62207 462.242
0.623047 461.521
0.624023 460.794
0.625 460.061
0.625977 459.322
0.626953 458.576
0.62793 457.825
0.628906 457.068
0.629883 456.305
0.630859 455.535
0.631836 454.76
0.632812 453.978
0.633789 453.191
0.634766 452.397
0.635742 451.598
0.636719 450.792
0.637695 449.98
0.638672 449.162
0.639648 448.338
0.640625 447.508
0.641602 446.672
0.642578 445.83
0.643555 444.981
0.644531 444.127
0.645508 443.266
0.646484 442.399
0.647461 441.526
0.648438 440.647
0.649414 439.762
0.650391 438.87
0.651367 437.972
0.652344 437.069
0.65332 436.158
0.654297 435.242
0.655273 434.32
0.65625 433.391
0.657227 432.456
0.658203 431.514
0.65918 430.567
0.660156 429.613
0.661133 428.653
0.662109 427.687
0.663086 426.714
0.664062 425.735
0.665039 424.75
0.666016 423.758
0.666992 422.76
0.667969 421.756
0.668945 420.746
0.669922 419.729
0.670898 418.705
0.671875 417.676
0.672852 416.64
0.673828 415.597
0.674805 414.548
0.675781 413.493
0.676758 412.432
0.677734 411.363
0.678711 410.289
0.679688 409.208
0.680664 408.12
0.681641 407.026
0.682617 405.926
0.683594 404.819
0.68457 403.706
0.685547 402.586
0.686523 401.459
0.6875 400.326
0.688477 399.187
0.689453 398.041
0.69043 396.888
0.691406 395.729
0.692383 394.563
0.693359 393.39
0.694336 392.211
0.695312 391.026
0.696289 389.833
0.697266 388.634
0.698242 387.429
0.699219 386.216
0.700195 384.997
0.701172 383.771
0.702148 382.539
0.703125 381.3
0.704102 380.054
0.705078 378.801
0.706055 377.542
0.707031 376.275
0.708008 375.002
0.708984 373.723
0.709961 372.436
0.710938 371.142
0.711914 369.842
0.712891 368.535
0.713867 367.221
0.714844 365.9
0.71582 364.572
0.716797 363.237
0.717773 361.896
0.71875 360.547
0.719727 359.191
0.720703 357.829
0.72168 356.459
0.722656 355.083
0.723633 353.699
0.724609 352.309
0.725586 350.911
0.726562 349.506
0.727539 348.094
0.728516 346.675
0.729492 345.249
0.730469 343.816
0.731445 342.376
0.732422 340.929
0.733398 339.474
0.734375 338.012
0.735352 336.543
0.736328 335.067
0.737305 333.583
0.738281 332.092
0.739258 330.594
0.740234 329.089
0.741211 327.576
0.742188 326.056
0.743164 324.529
0.744141 322.994
0.745117 321.452
0.746094 319.903
0.74707 318.346
0.748047 316.781
0.749023 315.209
0.75 313.63
0.750977 312.043
0.751953 310.449
0.75293 308.847
0.753906 307.237
0.754883 305.62
0.755859 303.996
0.756836 302.364
0.757812 300.724
0.758789 299.076
0.759766 297.421
0.760742 295.758
0.761719 294.087
0.762695 292.409
0.763672 290.722
0.764648 289.028
0.765625 287.327
0.766602 285.617
0.767578 283.899
0.768555 282.174
0.769531 280.441
0.770508 278.7
0.771484 276.95
0.772461 275.193
0.773438 273.428
0.774414 271.655
0.775391 269.874
0.776367 268.084
0.777344 266.287
0.77832 264.481
0.779297 262.668
0.780273 260.846
0.78125 259.016
0.782227 257.177
0.783203 255.331
0.78418 253.476
0.785156 251.613
0.786133 249.741
0.787109 247.861
0.788086 245.973
0.789062 244.077
0.790039 242.171
0.791016 240.258
0.791992 238.336
0.792969 236.405
0.793945 234.466
0.794922 232.518
0.795898 230.562
0.796875 228.597
0.797852 226.623
0.798828 224.64
0.799805 222.649
0.800781 220.649
0.801758 218.64
0.802734 216.623
0.803711 214.596
0.804688 212.561
0.805664 210.516
0.806641 208.463
0.807617 206.401
0.808594 204.329
0.80957 202.249
0.810547 200.159
0.811523 198.06
0.8125 195.952
0.813477 193.835
0.814453 191.709
0.81543 189.573
0.816406 187.428
0.817383 185.273
0.818359 183.109
0.819336 180.936
0.820312 178.753
0.821289 176.561
0.822266 174.359
0.823242 172.147
0.824219 169.926
0.825195 167.695
0.826172 165.454
0.827148 163.204
0.828125 160.943
0.829102 158.673
0.830078 156.393
0.831055 154.103
0.832031 151.803
0.833008 149.493
0.833984 147.173
0.834961 144.842
0.835938 142.502
0.836914 140.151
0.837891 137.79
0.838867 135.418
0.839844 133.036
0.84082 130.644
0.841797 128.241
0.842773 125.828
0.84375 123.404
0.844727 120.969
0.845703 118.524
0.84668 116.068
0.847656 113.601
0.848633 111.123
0.849609 108.634
0.850586 106.134
0.851562 103.624
0.852539 101.102
0.853516 98.5687
0.854492 96.0244
0.855469 93.4687
0.856445 90.9018
0.857422 88.3234
0.858398 85.7335
0.859375 83.132
0.860352 80.5189
0.861328 77.8942
0.862305 75.2576
0.863281 72.6093
0.864258 69.949
0.865234 67.2768
0.866211 64.5926
0.867188 61.8962
0.868164 59.1876
0.869141 56.4668
0.870117 53.7336
0.871094 50.9879
0.87207 48.2298
0.873047 45.4591
0.874023 42.6757
0.875 39.8796
0.875977 37.0706
0.876953 34.2488
0.87793 31.4139
0.878906 28.5659
0.879883 25.7047
0.880859 22.8302
0.881836 19.9424
0.882812 17.041
0.883789 14.1262
0.884766 11.1976
0.885742 8.2553
0.886719 5.29911
0.887695 2.32896
0.888672 -0.655274
0.889648 -3.65369
0.890625 -6.6664
0.891602 -9.69352
0.892578 -12.7352
0.893555 -15.7914
0.894531 -18.8624
0.895508 -21.9483
0.896484 -25.0492
0.897461 -28.1652
0.898438 -31.2965
0.899414 -34.4431
0.900391 -37.6052
0.901367 -40.783
0.902344 -43.9765
0.90332 -47.186
0.904297 -50.4115
0.905273 -53.6532
0.90625 -56.9112
0.907227 -60.1858
0.908203 -63.4771
0.90918 -66.7851
0.910156 -70.1101
0.911133 -73.4523
0.912109 -76.8118
0.913086 -80.1888
0.914062 -83.5834
0.915039 -86.9959
0.916016 -90.4264
0.916992 -93.8751
0.917969 -97.3422
0.918945 -100.828
0.919922 -104.332
0.920898 -107.856
0.921875 -111.399
0.922852 -114.961
0.923828 -118.543
0.924805 -122.145
0.925781 -125.767
0.926758 -129.409
0.927734 -133.072
0.928711 -136.756
0.929688 -140.461
0.930664 -144.187
0.931641 -147.935
0.932617 -151.705
0.933594 -155.498
0.93457 -159.313
0.935547 -163.151
0.936523 -167.012
0.9375 -170.896
0.938477 -174.804
0.939453 -178.737
0.94043 -182.694
0.941406 -186.676
0.942383 -190.684
0.943359 -194.717
0.944336 -198.777
0.945312 -202.863
0.946289 -206.975
0.947266 -211.116
0.948242 -215.284
0.949219 -219.481
0.950195 -223.707
0.951172 -227.963
0.952148 -232.248
0.953125 -236.564
0.954102 -240.911
0.955078 -245.29
0.956055 -249.702
0.957031 -254.147
0.958008 -258.625
0.958984 -263.139
0.959961 -267.687
0.960938 -272.272
0.961914 -276.894
0.962891 -281.554
0.963867 -286.253
0.964844 -290.992
0.96582 -295.772
0.966797 -300.594
0.967773 -305.46
0.96875 -310.369
0.969727 -315.325
0.970703 -320.328
0.97168 -325.38
0.972656 -330.482
0.973633 -335.636
0.974609 -340.844
0.975586 -346.108
0.976562 -351.43
0.977539 -356.812
0.978516 -362.257
0.979492 -367.768
0.980469 -373.347
0.981445 -378.998
0.982422 -384.724
0.983398 -390.53
0.984375 -396.42
0.985352 -402.399
0.986328 -408.472
0.987305 -414.646
0.988281 -420.929
0.989258 -427.328
0.990234 -433.855
0.991211 -440.52
0.992188 -447.339
0.993164 -454.329
0.994141 -461.513
0.995117 -468.921
0.996094 -476.593
0.99707 -484.589
0.998047 -493.001
0.999023 -502
1 -512
------------
