k:50_n:100_sigma:10_iters:1
Printing log2 count distribution: 
0 -14.0113
0.01 -10.6271
0.02 -8.32587
0.03 -6.63341
0.04 -5.27158
0.05 -4.03342
0.06 -2.837
0.07 -1.70396
0.08 -0.647304
0.09 0.37856
0.1 1.46491
0.11 2.72873
0.12 4.27453
0.13 6.11073
0.14 8.13392
0.15 10.225
0.16 12.3089
0.17 14.3497
0.18 16.3314
0.19 18.2475
0.2 20.0957
0.21 21.8753
0.22 23.5866
0.23 25.2302
0.24 26.8069
0.25 28.3177
0.26 29.7632
0.27 31.1443
0.28 32.4618
0.29 33.7164
0.3 34.9088
0.31 36.0395
0.32 37.1091
0.33 38.1182
0.34 39.0672
0.35 39.9565
0.36 40.7866
0.37 41.5579
0.38 42.2706
0.39 42.9252
0.4 43.5218
0.41 44.0607
0.42 44.5422
0.43 44.9664
0.44 45.3335
0.45 45.6437
0.46 45.897
0.47 46.0936
0.48 46.2335
0.49 46.3166
0.5 46.3431
0.51 46.3128
0.52 46.2256
0.53 46.0815
0.54 45.8803
0.55 45.6217
0.56 45.3056
0.57 44.9317
0.58 44.4996
0.59 44.009
0.6 43.4594
0.61 42.8504
0.62 42.1815
0.63 41.452
0.64 40.6614
0.65 39.8089
0.66 38.8938
0.67 37.9151
0.68 36.872
0.69 35.7635
0.7 34.5884
0.71 33.3455
0.72 32.0335
0.73 30.6511
0.74 29.1965
0.75 27.6681
0.76 26.0641
0.77 24.3822
0.78 22.6204
0.79 20.776
0.8 18.8464
0.81 16.8285
0.82 14.7189
0.83 12.5138
0.84 10.2089
0.85 7.79952
0.86 5.28015
0.87 2.64456
0.88 -0.114435
0.89 -3.00521
0.9 -6.03763
0.91 -9.22349
0.92 -12.5771
0.93 -16.1163
0.94 -19.8635
0.95 -23.8484
0.96 -28.1115
0.97 -32.7114
0.98 -37.7411
0.99 -43.3705
1 -50.0143
------------
