k:50_n:100_sigma:10_iters:4
Printing log2 count distribution: 
0 -inf
0.01 -8.7965
0.02 -8.62177
0.03 -8.42349
0.04 -8.19052
0.05 -7.90199
0.06 -7.51618
0.07 -6.94984
0.08 -6.06339
0.09 -4.72022
0.1 -2.92357
0.11 -0.81516
0.12 1.4574
0.13 3.79635
0.14 6.14274
0.15 8.46038
0.16 10.7268
0.17 12.9282
0.18 15.0568
0.19 17.1082
0.2 19.0807
0.21 20.974
0.22 22.7887
0.23 24.5258
0.24 26.1868
0.25 27.7731
0.26 29.2863
0.27 30.7279
0.28 32.0992
0.29 33.4016
0.3 34.6363
0.31 35.8045
0.32 36.9072
0.33 37.9455
0.34 38.9201
0.35 39.832
0.36 40.6819
0.37 41.4704
0.38 42.1982
0.39 42.8658
0.4 43.4738
0.41 44.0226
0.42 44.5126
0.43 44.9441
0.44 45.3175
0.45 45.633
0.46 45.8909
0.47 46.0913
0.48 46.2343
0.49 46.3201
0.5 46.3487
0.51 46.3201
0.52 46.2344
0.53 46.0913
0.54 45.891
0.55 45.6331
0.56 45.3175
0.57 44.9441
0.58 44.5125
0.59 44.0224
0.6 43.4735
0.61 42.8654
0.62 42.1975
0.63 41.4695
0.64 40.6808
0.65 39.8306
0.66 38.9184
0.67 37.9434
0.68 36.9047
0.69 35.8015
0.7 34.6327
0.71 33.3974
0.72 32.0942
0.73 30.7221
0.74 29.2796
0.75 27.7652
0.76 26.1776
0.77 24.5149
0.78 22.7758
0.79 20.9585
0.8 19.0616
0.81 17.0842
0.82 15.0258
0.83 12.8873
0.84 10.6711
0.85 8.38301
0.86 6.03315
0.87 3.6388
0.88 1.22817
0.89 -1.1527
0.9 -3.42605
0.91 -5.46128
0.92 -7.08551
0.93 -8.20767
0.94 -8.92429
0.95 -9.40207
0.96 -9.7553
0.97 -10.0417
0.98 -10.2889
0.99 -10.5107
1 -inf
------------
