k:1000_n:2000_sigma:20_iters:3
Printing log2 count distribution: 
0 -inf
0.0005 -23.7476
0.001 -23.7407
0.0015 -23.7337
0.002 -23.7267
0.0025 -23.7197
0.003 -23.7127
0.0035 -23.7057
0.004 -23.6986
0.0045 -23.6915
0.005 -23.6845
0.0055 -23.6774
0.006 -23.6703
0.0065 -23.6632
0.007 -23.656
0.0075 -23.6489
0.008 -23.6417
0.0085 -23.6346
0.009 -23.6274
0.0095 -23.6202
0.01 -23.613
0.0105 -23.6058
0.011 -23.5985
0.0115 -23.5913
0.012 -23.584
0.0125 -23.5767
0.013 -23.5694
0.0135 -23.5621
0.014 -23.5548
0.0145 -23.5474
0.015 -23.5401
0.0155 -23.5327
0.016 -23.5253
0.0165 -23.5179
0.017 -23.5105
0.0175 -23.503
0.018 -23.4956
0.0185 -23.4881
0.019 -23.4807
0.0195 -23.4732
0.02 -23.4657
0.0205 -23.4581
0.021 -23.4506
0.0215 -23.443
0.022 -23.4355
0.0225 -23.4279
0.023 -23.4203
0.0235 -23.4127
0.024 -23.4051
0.0245 -23.3974
0.025 -23.3897
0.0255 -23.3821
0.026 -23.3744
0.0265 -23.3667
0.027 -23.3589
0.0275 -23.3512
0.028 -23.3434
0.0285 -23.3357
0.029 -23.3279
0.0295 -23.3201
0.03 -23.3122
0.0305 -23.3044
0.031 -23.2966
0.0315 -23.2887
0.032 -23.2808
0.0325 -23.2729
0.033 -23.265
0.0335 -23.257
0.034 -23.2491
0.0345 -23.2411
0.035 -23.2331
0.0355 -23.2251
0.036 -23.2171
0.0365 -23.2091
0.037 -23.201
0.0375 -23.1929
0.038 -23.1848
0.0385 -23.1767
0.039 -23.1686
0.0395 -23.1605
0.04 -23.1523
0.0405 -23.1441
0.041 -23.1359
0.0415 -23.1277
0.042 -23.1195
0.0425 -23.1112
0.043 -23.103
0.0435 -23.0947
0.044 -23.0864
0.0445 -23.0781
0.045 -23.0697
0.0455 -23.0614
0.046 -23.053
0.0465 -23.0446
0.047 -23.0362
0.0475 -23.0278
0.048 -23.0193
0.0485 -23.0109
0.049 -23.0024
0.0495 -22.9939
0.05 -22.9854
0.0505 -22.9768
0.051 -22.9683
0.0515 -22.9597
0.052 -22.9511
0.0525 -22.9425
0.053 -22.9338
0.0535 -22.9252
0.054 -22.9165
0.0545 -22.9078
0.055 -22.8991
0.0555 -22.8904
0.056 -22.8816
0.0565 -22.8728
0.057 -22.8641
0.0575 -22.8552
0.058 -22.8464
0.0585 -22.8376
0.059 -22.8287
0.0595 -22.8198
0.06 -22.8109
0.0605 -22.802
0.061 -22.793
0.0615 -22.784
0.062 -22.775
0.0625 -22.766
0.063 -22.757
0.0635 -22.748
0.064 -22.7389
0.0645 -22.7298
0.065 -22.7207
0.0655 -22.7115
0.066 -22.7024
0.0665 -22.6932
0.067 -22.684
0.0675 -22.6748
0.068 -22.6655
0.0685 -22.6563
0.069 -22.647
0.0695 -22.6377
0.07 -22.6283
0.0705 -22.619
0.071 -22.6096
0.0715 -22.6002
0.072 -22.5908
0.0725 -22.5814
0.073 -22.5719
0.0735 -22.5624
0.074 -22.5529
0.0745 -22.5434
0.075 -22.5338
0.0755 -22.5243
0.076 -22.5147
0.0765 -22.5051
0.077 -22.4954
0.0775 -22.4857
0.078 -22.4761
0.0785 -22.4663
0.079 -22.4566
0.0795 -22.4469
0.08 -22.4371
0.0805 -22.4273
0.081 -22.4174
0.0815 -22.4076
0.082 -22.3977
0.0825 -22.3878
0.083 -22.3779
0.0835 -22.3679
0.084 -22.358
0.0845 -22.348
0.085 -22.338
0.0855 -22.3279
0.086 -22.3178
0.0865 -22.3078
0.087 -22.2976
0.0875 -22.2875
0.088 -22.2773
0.0885 -22.2671
0.089 -22.2569
0.0895 -22.2467
0.09 -22.2364
0.0905 -22.2261
0.091 -22.2158
0.0915 -22.2054
0.092 -22.1951
0.0925 -22.1847
0.093 -22.1742
0.0935 -22.1638
0.094 -22.1533
0.0945 -22.1428
0.095 -22.1323
0.0955 -22.1217
0.096 -22.1112
0.0965 -22.1006
0.097 -22.0899
0.0975 -22.0793
0.098 -22.0686
0.0985 -22.0579
0.099 -22.0471
0.0995 -22.0363
0.1 -22.0255
0.1005 -22.0147
0.101 -22.0037
0.1015 -21.9923
0.102 -21.9788
0.1025 -21.9555
0.103 -21.8851
0.1035 -21.6111
0.104 -20.7237
0.1045 -18.9866
0.105 -16.7821
0.1055 -14.4369
0.106 -12.0506
0.1065 -9.64523
0.107 -7.2256
0.1075 -4.79296
0.108 -2.34789
0.1085 0.109145
0.109 2.57772
0.1095 5.05743
0.11 7.54786
0.1105 10.0486
0.111 12.5593
0.1115 15.0795
0.112 17.6088
0.1125 20.1468
0.113 22.6933
0.1135 25.2477
0.114 27.8097
0.1145 30.379
0.115 32.9552
0.1155 35.5379
0.116 38.1268
0.1165 40.7215
0.117 43.3217
0.1175 45.927
0.118 48.5371
0.1185 51.1517
0.119 53.7704
0.1195 56.3929
0.12 59.019
0.1205 61.6482
0.121 64.2803
0.1215 66.9151
0.122 69.5521
0.1225 72.1911
0.123 74.8318
0.1235 77.4741
0.124 80.1174
0.1245 82.7618
0.125 85.4067
0.1255 88.0522
0.126 90.6977
0.1265 93.3433
0.127 95.9885
0.1275 98.6332
0.128 101.277
0.1285 103.92
0.129 106.562
0.1295 109.203
0.13 111.842
0.1305 114.479
0.131 117.115
0.1315 119.749
0.132 122.38
0.1325 125.009
0.133 127.635
0.1335 130.259
0.134 132.88
0.1345 135.498
0.135 138.113
0.1355 140.725
0.136 143.334
0.1365 145.939
0.137 148.541
0.1375 151.139
0.138 153.733
0.1385 156.324
0.139 158.911
0.1395 161.494
0.14 164.073
0.1405 166.647
0.141 169.218
0.1415 171.784
0.142 174.346
0.1425 176.904
0.143 179.457
0.1435 182.006
0.144 184.551
0.1445 187.09
0.145 189.626
0.1455 192.156
0.146 194.682
0.1465 197.203
0.147 199.72
0.1475 202.231
0.148 204.738
0.1485 207.24
0.149 209.737
0.1495 212.229
0.15 214.717
0.1505 217.199
0.151 219.677
0.1515 222.149
0.152 224.617
0.1525 227.079
0.153 229.537
0.1535 231.989
0.154 234.437
0.1545 236.879
0.155 239.317
0.1555 241.749
0.156 244.176
0.1565 246.598
0.157 249.016
0.1575 251.428
0.158 253.835
0.1585 256.237
0.159 258.633
0.1595 261.025
0.16 263.412
0.1605 265.794
0.161 268.17
0.1615 270.542
0.162 272.908
0.1625 275.269
0.163 277.626
0.1635 279.977
0.164 282.323
0.1645 284.664
0.165 287
0.1655 289.331
0.166 291.657
0.1665 293.978
0.167 296.293
0.1675 298.604
0.168 300.91
0.1685 303.211
0.169 305.506
0.1695 307.797
0.17 310.083
0.1705 312.364
0.171 314.639
0.1715 316.91
0.172 319.176
0.1725 321.437
0.173 323.693
0.1735 325.943
0.174 328.189
0.1745 330.43
0.175 332.667
0.1755 334.898
0.176 337.124
0.1765 339.345
0.177 341.562
0.1775 343.773
0.178 345.98
0.1785 348.182
0.179 350.379
0.1795 352.571
0.18 354.758
0.1805 356.941
0.181 359.119
0.1815 361.291
0.182 363.459
0.1825 365.623
0.183 367.781
0.1835 369.935
0.184 372.083
0.1845 374.228
0.185 376.367
0.1855 378.502
0.186 380.631
0.1865 382.756
0.187 384.877
0.1875 386.993
0.188 389.104
0.1885 391.21
0.189 393.311
0.1895 395.408
0.19 397.501
0.1905 399.588
0.191 401.671
0.1915 403.749
0.192 405.823
0.1925 407.892
0.193 409.957
0.1935 412.016
0.194 414.072
0.1945 416.122
0.195 418.168
0.1955 420.21
0.196 422.246
0.1965 424.279
0.197 426.307
0.1975 428.33
0.198 430.348
0.1985 432.363
0.199 434.372
0.1995 436.377
0.2 438.378
0.2005 440.374
0.201 442.366
0.2015 444.353
0.202 446.336
0.2025 448.314
0.203 450.288
0.2035 452.257
0.204 454.222
0.2045 456.182
0.205 458.138
0.2055 460.09
0.206 462.037
0.2065 463.98
0.207 465.918
0.2075 467.853
0.208 469.782
0.2085 471.707
0.209 473.628
0.2095 475.545
0.21 477.457
0.2105 479.365
0.211 481.269
0.2115 483.168
0.212 485.063
0.2125 486.953
0.213 488.84
0.2135 490.722
0.214 492.6
0.2145 494.473
0.215 496.342
0.2155 498.207
0.216 500.068
0.2165 501.924
0.217 503.776
0.2175 505.624
0.218 507.468
0.2185 509.307
0.219 511.143
0.2195 512.974
0.22 514.8
0.2205 516.623
0.221 518.441
0.2215 520.256
0.222 522.066
0.2225 523.872
0.223 525.673
0.2235 527.471
0.224 529.264
0.2245 531.054
0.225 532.839
0.2255 534.62
0.226 536.397
0.2265 538.169
0.227 539.938
0.2275 541.703
0.228 543.463
0.2285 545.22
0.229 546.972
0.2295 548.72
0.23 550.464
0.2305 552.204
0.231 553.94
0.2315 555.672
0.232 557.4
0.2325 559.124
0.233 560.844
0.2335 562.559
0.234 564.271
0.2345 565.979
0.235 567.683
0.2355 569.382
0.236 571.078
0.2365 572.77
0.237 574.457
0.2375 576.141
0.238 577.821
0.2385 579.497
0.239 581.168
0.2395 582.836
0.24 584.5
0.2405 586.16
0.241 587.816
0.2415 589.468
0.242 591.116
0.2425 592.76
0.243 594.401
0.2435 596.037
0.244 597.67
0.2445 599.298
0.245 600.923
0.2455 602.543
0.246 604.16
0.2465 605.773
0.247 607.382
0.2475 608.987
0.248 610.589
0.2485 612.186
0.249 613.78
0.2495 615.37
0.25 616.956
0.2505 618.538
0.251 620.116
0.2515 621.69
0.252 623.261
0.2525 624.828
0.253 626.39
0.2535 627.95
0.254 629.505
0.2545 631.056
0.255 632.604
0.2555 634.148
0.256 635.688
0.2565 637.224
0.257 638.757
0.2575 640.286
0.258 641.811
0.2585 643.332
0.259 644.85
0.2595 646.363
0.26 647.873
0.2605 649.379
0.261 650.882
0.2615 652.381
0.262 653.876
0.2625 655.367
0.263 656.855
0.2635 658.338
0.264 659.819
0.2645 661.295
0.265 662.768
0.2655 664.237
0.266 665.702
0.2665 667.164
0.267 668.622
0.2675 670.076
0.268 671.527
0.2685 672.973
0.269 674.417
0.2695 675.856
0.27 677.292
0.2705 678.724
0.271 680.153
0.2715 681.578
0.272 682.999
0.2725 684.417
0.273 685.831
0.2735 687.241
0.274 688.648
0.2745 690.051
0.275 691.451
0.2755 692.847
0.276 694.239
0.2765 695.628
0.277 697.013
0.2775 698.395
0.278 699.772
0.2785 701.147
0.279 702.517
0.2795 703.885
0.28 705.248
0.2805 706.608
0.281 707.965
0.2815 709.317
0.282 710.667
0.2825 712.012
0.283 713.355
0.2835 714.693
0.284 716.028
0.2845 717.36
0.285 718.688
0.2855 720.012
0.286 721.333
0.2865 722.651
0.287 723.964
0.2875 725.275
0.288 726.582
0.2885 727.885
0.289 729.185
0.2895 730.481
0.29 731.774
0.2905 733.063
0.291 734.349
0.2915 735.631
0.292 736.91
0.2925 738.185
0.293 739.457
0.2935 740.725
0.294 741.99
0.2945 743.252
0.295 744.51
0.2955 745.764
0.296 747.015
0.2965 748.263
0.297 749.507
0.2975 750.747
0.298 751.985
0.2985 753.218
0.299 754.449
0.2995 755.675
0.3 756.899
0.3005 758.119
0.301 759.335
0.3015 760.549
0.302 761.758
0.3025 762.965
0.303 764.167
0.3035 765.367
0.304 766.563
0.3045 767.756
0.305 768.945
0.3055 770.131
0.306 771.313
0.3065 772.492
0.307 773.668
0.3075 774.84
0.308 776.009
0.3085 777.174
0.309 778.337
0.3095 779.495
0.31 780.651
0.3105 781.803
0.311 782.951
0.3115 784.097
0.312 785.238
0.3125 786.377
0.313 787.512
0.3135 788.644
0.314 789.773
0.3145 790.898
0.315 792.019
0.3155 793.138
0.316 794.253
0.3165 795.365
0.317 796.473
0.3175 797.578
0.318 798.68
0.3185 799.779
0.319 800.874
0.3195 801.966
0.32 803.054
0.3205 804.139
0.321 805.221
0.3215 806.3
0.322 807.375
0.3225 808.447
0.323 809.516
0.3235 810.581
0.324 811.643
0.3245 812.702
0.325 813.758
0.3255 814.81
0.326 815.859
0.3265 816.905
0.327 817.947
0.3275 818.986
0.328 820.022
0.3285 821.054
0.329 822.084
0.3295 823.11
0.33 824.133
0.3305 825.152
0.331 826.168
0.3315 827.181
0.332 828.191
0.3325 829.198
0.333 830.201
0.3335 831.201
0.334 832.198
0.3345 833.191
0.335 834.181
0.3355 835.168
0.336 836.152
0.3365 837.133
0.337 838.11
0.3375 839.084
0.338 840.055
0.3385 841.023
0.339 841.987
0.3395 842.949
0.34 843.907
0.3405 844.861
0.341 845.813
0.3415 846.761
0.342 847.707
0.3425 848.648
0.343 849.587
0.3435 850.523
0.344 851.455
0.3445 852.384
0.345 853.31
0.3455 854.233
0.346 855.153
0.3465 856.069
0.347 856.983
0.3475 857.893
0.348 858.8
0.3485 859.703
0.349 860.604
0.3495 861.501
0.35 862.395
0.3505 863.286
0.351 864.174
0.3515 865.059
0.352 865.94
0.3525 866.819
0.353 867.694
0.3535 868.566
0.354 869.435
0.3545 870.301
0.355 871.163
0.3555 872.023
0.356 872.879
0.3565 873.732
0.357 874.582
0.3575 875.429
0.358 876.273
0.3585 877.113
0.359 877.951
0.3595 878.785
0.36 879.616
0.3605 880.445
0.361 881.269
0.3615 882.091
0.362 882.91
0.3625 883.726
0.363 884.538
0.3635 885.347
0.364 886.154
0.3645 886.957
0.365 887.757
0.3655 888.554
0.366 889.347
0.3665 890.138
0.367 890.926
0.3675 891.71
0.368 892.491
0.3685 893.27
0.369 894.045
0.3695 894.817
0.37 895.586
0.3705 896.352
0.371 897.115
0.3715 897.874
0.372 898.631
0.3725 899.384
0.373 900.135
0.3735 900.882
0.374 901.626
0.3745 902.368
0.375 903.106
0.3755 903.841
0.376 904.573
0.3765 905.302
0.377 906.027
0.3775 906.75
0.378 907.47
0.3785 908.187
0.379 908.9
0.3795 909.611
0.38 910.318
0.3805 911.022
0.381 911.724
0.3815 912.422
0.382 913.117
0.3825 913.809
0.383 914.498
0.3835 915.184
0.384 915.867
0.3845 916.547
0.385 917.224
0.3855 917.898
0.386 918.569
0.3865 919.237
0.387 919.901
0.3875 920.563
0.388 921.222
0.3885 921.877
0.389 922.53
0.3895 923.18
0.39 923.826
0.3905 924.47
0.391 925.11
0.3915 925.747
0.392 926.382
0.3925 927.013
0.393 927.642
0.3935 928.267
0.394 928.889
0.3945 929.509
0.395 930.125
0.3955 930.738
0.396 931.348
0.3965 931.956
0.397 932.56
0.3975 933.161
0.398 933.759
0.3985 934.354
0.399 934.946
0.3995 935.536
0.4 936.122
0.4005 936.705
0.401 937.285
0.4015 937.862
0.402 938.436
0.4025 939.008
0.403 939.576
0.4035 940.141
0.404 940.703
0.4045 941.262
0.405 941.818
0.4055 942.372
0.406 942.922
0.4065 943.469
0.407 944.013
0.4075 944.554
0.408 945.093
0.4085 945.628
0.409 946.16
0.4095 946.69
0.41 947.216
0.4105 947.739
0.411 948.26
0.4115 948.777
0.412 949.291
0.4125 949.803
0.413 950.311
0.4135 950.817
0.414 951.319
0.4145 951.819
0.415 952.315
0.4155 952.809
0.416 953.299
0.4165 953.787
0.417 954.272
0.4175 954.754
0.418 955.232
0.4185 955.708
0.419 956.181
0.4195 956.651
0.42 957.118
0.4205 957.582
0.421 958.043
0.4215 958.501
0.422 958.956
0.4225 959.408
0.423 959.857
0.4235 960.303
0.424 960.746
0.4245 961.187
0.425 961.624
0.4255 962.059
0.426 962.49
0.4265 962.918
0.427 963.344
0.4275 963.767
0.428 964.186
0.4285 964.603
0.429 965.017
0.4295 965.428
0.43 965.836
0.4305 966.24
0.431 966.642
0.4315 967.042
0.432 967.438
0.4325 967.831
0.433 968.221
0.4335 968.608
0.434 968.993
0.4345 969.374
0.435 969.753
0.4355 970.128
0.436 970.501
0.4365 970.871
0.437 971.238
0.4375 971.601
0.438 971.962
0.4385 972.32
0.439 972.675
0.4395 973.027
0.44 973.377
0.4405 973.723
0.441 974.066
0.4415 974.407
0.442 974.744
0.4425 975.079
0.443 975.411
0.4435 975.739
0.444 976.065
0.4445 976.388
0.445 976.708
0.4455 977.025
0.446 977.339
0.4465 977.65
0.447 977.959
0.4475 978.264
0.448 978.567
0.4485 978.866
0.449 979.163
0.4495 979.457
0.45 979.747
0.4505 980.035
0.451 980.32
0.4515 980.602
0.452 980.881
0.4525 981.158
0.453 981.431
0.4535 981.702
0.454 981.969
0.4545 982.234
0.455 982.495
0.4555 982.754
0.456 983.01
0.4565 983.263
0.457 983.513
0.4575 983.76
0.458 984.005
0.4585 984.246
0.459 984.484
0.4595 984.72
0.46 984.953
0.4605 985.182
0.461 985.409
0.4615 985.633
0.462 985.854
0.4625 986.072
0.463 986.288
0.4635 986.5
0.464 986.71
0.4645 986.916
0.465 987.12
0.4655 987.32
0.466 987.518
0.4665 987.713
0.467 987.905
0.4675 988.095
0.468 988.281
0.4685 988.464
0.469 988.645
0.4695 988.822
0.47 988.997
0.4705 989.169
0.471 989.338
0.4715 989.504
0.472 989.667
0.4725 989.827
0.473 989.984
0.4735 990.139
0.474 990.29
0.4745 990.439
0.475 990.585
0.4755 990.728
0.476 990.868
0.4765 991.005
0.477 991.139
0.4775 991.27
0.478 991.399
0.4785 991.524
0.479 991.647
0.4795 991.767
0.48 991.883
0.4805 991.997
0.481 992.108
0.4815 992.217
0.482 992.322
0.4825 992.424
0.483 992.524
0.4835 992.621
0.484 992.714
0.4845 992.805
0.485 992.893
0.4855 992.978
0.486 993.061
0.4865 993.14
0.487 993.216
0.4875 993.29
0.488 993.361
0.4885 993.428
0.489 993.493
0.4895 993.555
0.49 993.614
0.4905 993.671
0.491 993.724
0.4915 993.774
0.492 993.822
0.4925 993.867
0.493 993.909
0.4935 993.947
0.494 993.984
0.4945 994.017
0.495 994.047
0.4955 994.074
0.496 994.099
0.4965 994.121
0.497 994.139
0.4975 994.155
0.498 994.168
0.4985 994.178
0.499 994.185
0.4995 994.19
0.5 994.191
0.5005 994.19
0.501 994.185
0.5015 994.178
0.502 994.168
0.5025 994.155
0.503 994.139
0.5035 994.121
0.504 994.099
0.5045 994.074
0.505 994.047
0.5055 994.017
0.506 993.984
0.5065 993.947
0.507 993.909
0.5075 993.867
0.508 993.822
0.5085 993.774
0.509 993.724
0.5095 993.671
0.51 993.614
0.5105 993.555
0.511 993.493
0.5115 993.428
0.512 993.361
0.5125 993.29
0.513 993.216
0.5135 993.14
0.514 993.061
0.5145 992.978
0.515 992.893
0.5155 992.805
0.516 992.714
0.5165 992.621
0.517 992.524
0.5175 992.424
0.518 992.322
0.5185 992.217
0.519 992.108
0.5195 991.997
0.52 991.883
0.5205 991.767
0.521 991.647
0.5215 991.524
0.522 991.399
0.5225 991.27
0.523 991.139
0.5235 991.005
0.524 990.868
0.5245 990.728
0.525 990.585
0.5255 990.439
0.526 990.29
0.5265 990.139
0.527 989.984
0.5275 989.827
0.528 989.667
0.5285 989.504
0.529 989.338
0.5295 989.169
0.53 988.997
0.5305 988.822
0.531 988.645
0.5315 988.464
0.532 988.281
0.5325 988.095
0.533 987.905
0.5335 987.713
0.534 987.518
0.5345 987.32
0.535 987.12
0.5355 986.916
0.536 986.71
0.5365 986.5
0.537 986.288
0.5375 986.072
0.538 985.854
0.5385 985.633
0.539 985.409
0.5395 985.182
0.54 984.953
0.5405 984.72
0.541 984.484
0.5415 984.246
0.542 984.005
0.5425 983.76
0.543 983.513
0.5435 983.263
0.544 983.01
0.5445 982.754
0.545 982.495
0.5455 982.234
0.546 981.969
0.5465 981.702
0.547 981.431
0.5475 981.158
0.548 980.881
0.5485 980.602
0.549 980.32
0.5495 980.035
0.55 979.747
0.5505 979.457
0.551 979.163
0.5515 978.866
0.552 978.567
0.5525 978.264
0.553 977.959
0.5535 977.65
0.554 977.339
0.5545 977.025
0.555 976.708
0.5555 976.388
0.556 976.065
0.5565 975.739
0.557 975.411
0.5575 975.079
0.558 974.744
0.5585 974.407
0.559 974.066
0.5595 973.723
0.56 973.377
0.5605 973.027
0.561 972.675
0.5615 972.32
0.562 971.962
0.5625 971.601
0.563 971.238
0.5635 970.871
0.564 970.501
0.5645 970.128
0.565 969.753
0.5655 969.374
0.566 968.993
0.5665 968.608
0.567 968.221
0.5675 967.831
0.568 967.438
0.5685 967.042
0.569 966.642
0.5695 966.24
0.57 965.836
0.5705 965.428
0.571 965.017
0.5715 964.603
0.572 964.186
0.5725 963.767
0.573 963.344
0.5735 962.918
0.574 962.49
0.5745 962.059
0.575 961.624
0.5755 961.187
0.576 960.746
0.5765 960.303
0.577 959.857
0.5775 959.408
0.578 958.956
0.5785 958.501
0.579 958.043
0.5795 957.582
0.58 957.118
0.5805 956.651
0.581 956.181
0.5815 955.708
0.582 955.232
0.5825 954.754
0.583 954.272
0.5835 953.787
0.584 953.299
0.5845 952.809
0.585 952.315
0.5855 951.819
0.586 951.319
0.5865 950.817
0.587 950.311
0.5875 949.803
0.588 949.291
0.5885 948.777
0.589 948.26
0.5895 947.739
0.59 947.216
0.5905 946.69
0.591 946.16
0.5915 945.628
0.592 945.093
0.5925 944.554
0.593 944.013
0.5935 943.469
0.594 942.922
0.5945 942.372
0.595 941.818
0.5955 941.262
0.596 940.703
0.5965 940.141
0.597 939.576
0.5975 939.008
0.598 938.436
0.5985 937.862
0.599 937.285
0.5995 936.705
0.6 936.122
0.6005 935.536
0.601 934.946
0.6015 934.354
0.602 933.759
0.6025 933.161
0.603 932.56
0.6035 931.956
0.604 931.348
0.6045 930.738
0.605 930.125
0.6055 929.509
0.606 928.889
0.6065 928.267
0.607 927.642
0.6075 927.013
0.608 926.382
0.6085 925.747
0.609 925.11
0.6095 924.47
0.61 923.826
0.6105 923.18
0.611 922.53
0.6115 921.877
0.612 921.222
0.6125 920.563
0.613 919.901
0.6135 919.237
0.614 918.569
0.6145 917.898
0.615 917.224
0.6155 916.547
0.616 915.867
0.6165 915.184
0.617 914.498
0.6175 913.809
0.618 913.117
0.6185 912.422
0.619 911.724
0.6195 911.022
0.62 910.318
0.6205 909.611
0.621 908.9
0.6215 908.187
0.622 907.47
0.6225 906.75
0.623 906.027
0.6235 905.302
0.624 904.573
0.6245 903.841
0.625 903.106
0.6255 902.368
0.626 901.626
0.6265 900.882
0.627 900.135
0.6275 899.384
0.628 898.631
0.6285 897.874
0.629 897.115
0.6295 896.352
0.63 895.586
0.6305 894.817
0.631 894.045
0.6315 893.27
0.632 892.491
0.6325 891.71
0.633 890.926
0.6335 890.138
0.634 889.347
0.6345 888.554
0.635 887.757
0.6355 886.957
0.636 886.154
0.6365 885.347
0.637 884.538
0.6375 883.726
0.638 882.91
0.6385 882.091
0.639 881.269
0.6395 880.445
0.64 879.616
0.6405 878.785
0.641 877.951
0.6415 877.113
0.642 876.273
0.6425 875.429
0.643 874.582
0.6435 873.732
0.644 872.879
0.6445 872.023
0.645 871.163
0.6455 870.301
0.646 869.435
0.6465 868.566
0.647 867.694
0.6475 866.819
0.648 865.94
0.6485 865.059
0.649 864.174
0.6495 863.286
0.65 862.395
0.6505 861.501
0.651 860.604
0.6515 859.703
0.652 858.8
0.6525 857.893
0.653 856.983
0.6535 856.069
0.654 855.153
0.6545 854.233
0.655 853.31
0.6555 852.384
0.656 851.455
0.6565 850.523
0.657 849.587
0.6575 848.648
0.658 847.707
0.6585 846.761
0.659 845.813
0.6595 844.861
0.66 843.907
0.6605 842.949
0.661 841.987
0.6615 841.023
0.662 840.055
0.6625 839.084
0.663 838.11
0.6635 837.133
0.664 836.152
0.6645 835.168
0.665 834.181
0.6655 833.191
0.666 832.198
0.6665 831.201
0.667 830.201
0.6675 829.198
0.668 828.191
0.6685 827.181
0.669 826.168
0.6695 825.152
0.67 824.133
0.6705 823.11
0.671 822.084
0.6715 821.054
0.672 820.022
0.6725 818.986
0.673 817.947
0.6735 816.905
0.674 815.859
0.6745 814.81
0.675 813.758
0.6755 812.702
0.676 811.643
0.6765 810.581
0.677 809.516
0.6775 808.447
0.678 807.375
0.6785 806.3
0.679 805.221
0.6795 804.139
0.68 803.054
0.6805 801.966
0.681 800.874
0.6815 799.779
0.682 798.68
0.6825 797.578
0.683 796.473
0.6835 795.365
0.684 794.253
0.6845 793.138
0.685 792.019
0.6855 790.898
0.686 789.773
0.6865 788.644
0.687 787.512
0.6875 786.377
0.688 785.238
0.6885 784.097
0.689 782.951
0.6895 781.803
0.69 780.651
0.6905 779.495
0.691 778.337
0.6915 777.174
0.692 776.009
0.6925 774.84
0.693 773.668
0.6935 772.492
0.694 771.313
0.6945 770.131
0.695 768.945
0.6955 767.756
0.696 766.563
0.6965 765.367
0.697 764.167
0.6975 762.965
0.698 761.758
0.6985 760.549
0.699 759.335
0.6995 758.119
0.7 756.899
0.7005 755.675
0.701 754.449
0.7015 753.218
0.702 751.985
0.7025 750.747
0.703 749.507
0.7035 748.263
0.704 747.015
0.7045 745.764
0.705 744.51
0.7055 743.252
0.706 741.99
0.7065 740.725
0.707 739.457
0.7075 738.185
0.708 736.91
0.7085 735.631
0.709 734.349
0.7095 733.063
0.71 731.774
0.7105 730.481
0.711 729.185
0.7115 727.885
0.712 726.582
0.7125 725.275
0.713 723.964
0.7135 722.651
0.714 721.333
0.7145 720.012
0.715 718.688
0.7155 717.36
0.716 716.028
0.7165 714.693
0.717 713.355
0.7175 712.012
0.718 710.667
0.7185 709.317
0.719 707.965
0.7195 706.608
0.72 705.248
0.7205 703.885
0.721 702.517
0.7215 701.147
0.722 699.772
0.7225 698.395
0.723 697.013
0.7235 695.628
0.724 694.239
0.7245 692.847
0.725 691.451
0.7255 690.051
0.726 688.648
0.7265 687.241
0.727 685.831
0.7275 684.417
0.728 682.999
0.7285 681.578
0.729 680.153
0.7295 678.724
0.73 677.292
0.7305 675.856
0.731 674.417
0.7315 672.973
0.732 671.527
0.7325 670.076
0.733 668.622
0.7335 667.164
0.734 665.702
0.7345 664.237
0.735 662.768
0.7355 661.295
0.736 659.819
0.7365 658.338
0.737 656.855
0.7375 655.367
0.738 653.876
0.7385 652.381
0.739 650.882
0.7395 649.379
0.74 647.873
0.7405 646.363
0.741 644.85
0.7415 643.332
0.742 641.811
0.7425 640.286
0.743 638.757
0.7435 637.224
0.744 635.688
0.7445 634.148
0.745 632.604
0.7455 631.056
0.746 629.505
0.7465 627.95
0.747 626.39
0.7475 624.828
0.748 623.261
0.7485 621.69
0.749 620.116
0.7495 618.538
0.75 616.956
0.7505 615.37
0.751 613.78
0.7515 612.186
0.752 610.589
0.7525 608.987
0.753 607.382
0.7535 605.773
0.754 604.16
0.7545 602.543
0.755 600.923
0.7555 599.298
0.756 597.669
0.7565 596.037
0.757 594.401
0.7575 592.76
0.758 591.116
0.7585 589.468
0.759 587.816
0.7595 586.16
0.76 584.5
0.7605 582.836
0.761 581.168
0.7615 579.497
0.762 577.821
0.7625 576.141
0.763 574.457
0.7635 572.77
0.764 571.078
0.7645 569.382
0.765 567.683
0.7655 565.979
0.766 564.271
0.7665 562.559
0.767 560.844
0.7675 559.124
0.768 557.4
0.7685 555.672
0.769 553.94
0.7695 552.204
0.77 550.464
0.7705 548.72
0.771 546.972
0.7715 545.219
0.772 543.463
0.7725 541.703
0.773 539.938
0.7735 538.169
0.774 536.397
0.7745 534.62
0.775 532.839
0.7755 531.054
0.776 529.264
0.7765 527.471
0.777 525.673
0.7775 523.872
0.778 522.066
0.7785 520.256
0.779 518.441
0.7795 516.623
0.78 514.8
0.7805 512.974
0.781 511.142
0.7815 509.307
0.782 507.468
0.7825 505.624
0.783 503.776
0.7835 501.924
0.784 500.068
0.7845 498.207
0.785 496.342
0.7855 494.473
0.786 492.599
0.7865 490.722
0.787 488.84
0.7875 486.953
0.788 485.063
0.7885 483.168
0.789 481.269
0.7895 479.365
0.79 477.457
0.7905 475.545
0.791 473.628
0.7915 471.707
0.792 469.782
0.7925 467.852
0.793 465.918
0.7935 463.98
0.794 462.037
0.7945 460.09
0.795 458.138
0.7955 456.182
0.796 454.222
0.7965 452.257
0.797 450.288
0.7975 448.314
0.798 446.336
0.7985 444.353
0.799 442.366
0.7995 440.374
0.8 438.378
0.8005 436.377
0.801 434.372
0.8015 432.362
0.802 430.348
0.8025 428.33
0.803 426.306
0.8035 424.279
0.804 422.246
0.8045 420.209
0.805 418.168
0.8055 416.122
0.806 414.071
0.8065 412.016
0.807 409.956
0.8075 407.892
0.808 405.823
0.8085 403.749
0.809 401.671
0.8095 399.588
0.81 397.5
0.8105 395.408
0.811 393.311
0.8115 391.21
0.812 389.103
0.8125 386.992
0.813 384.877
0.8135 382.756
0.814 380.631
0.8145 378.501
0.815 376.367
0.8155 374.227
0.816 372.083
0.8165 369.934
0.817 367.781
0.8175 365.622
0.818 363.459
0.8185 361.291
0.819 359.118
0.8195 356.94
0.82 354.758
0.8205 352.571
0.821 350.378
0.8215 348.181
0.822 345.979
0.8225 343.773
0.823 341.561
0.8235 339.345
0.824 337.123
0.8245 334.897
0.825 332.666
0.8255 330.43
0.826 328.188
0.8265 325.942
0.827 323.691
0.8275 321.436
0.828 319.175
0.8285 316.909
0.829 314.638
0.8295 312.362
0.83 310.082
0.8305 307.796
0.831 305.505
0.8315 303.209
0.832 300.908
0.8325 298.603
0.833 296.292
0.8335 293.976
0.834 291.655
0.8345 289.329
0.835 286.998
0.8355 284.662
0.836 282.321
0.8365 279.974
0.837 277.623
0.8375 275.267
0.838 272.905
0.8385 270.539
0.839 268.167
0.8395 265.791
0.84 263.409
0.8405 261.022
0.841 258.63
0.8415 256.233
0.842 253.831
0.8425 251.424
0.843 249.011
0.8435 246.594
0.844 244.172
0.8445 241.744
0.845 239.312
0.8455 236.874
0.846 234.431
0.8465 231.984
0.847 229.531
0.8475 227.073
0.848 224.61
0.8485 222.142
0.849 219.67
0.8495 217.192
0.85 214.709
0.8505 212.221
0.851 209.729
0.8515 207.231
0.852 204.729
0.8525 202.221
0.853 199.709
0.8535 197.192
0.854 194.671
0.8545 192.144
0.855 189.613
0.8555 187.077
0.856 184.537
0.8565 181.992
0.857 179.443
0.8575 176.889
0.858 174.33
0.8585 171.767
0.859 169.2
0.8595 166.629
0.86 164.053
0.8605 161.473
0.861 158.889
0.8615 156.301
0.862 153.71
0.8625 151.114
0.863 148.515
0.8635 145.912
0.864 143.305
0.8645 140.695
0.865 138.082
0.8655 135.465
0.866 132.845
0.8665 130.223
0.867 127.597
0.8675 124.969
0.868 122.338
0.8685 119.705
0.869 117.069
0.8695 114.431
0.87 111.792
0.8705 109.15
0.871 106.507
0.8715 103.863
0.872 101.217
0.8725 98.57
0.873 95.9224
0.8735 93.2741
0.874 90.6255
0.8745 87.9766
0.875 85.3278
0.8755 82.6793
0.876 80.0313
0.8765 77.3841
0.877 74.7379
0.8775 72.0931
0.878 69.4498
0.8785 66.8084
0.879 64.1691
0.8795 61.5323
0.88 58.8981
0.8805 56.267
0.881 53.6393
0.8815 51.0152
0.882 48.395
0.8825 45.7792
0.883 43.168
0.8835 40.5617
0.884 37.9607
0.8845 35.3654
0.885 32.776
0.8855 30.193
0.886 27.6166
0.8865 25.0474
0.887 22.4855
0.8875 19.9314
0.888 17.3855
0.8885 14.8482
0.889 12.3197
0.8895 9.8006
0.89 7.29118
0.8905 4.79187
0.891 2.30305
0.8915 -0.174851
0.892 -2.64143
0.8925 -5.09628
0.893 -7.53895
0.8935 -9.96893
0.894 -12.3854
0.8945 -14.7857
0.895 -17.1586
0.8955 -19.4505
0.896 -21.4491
0.8965 -22.7143
0.897 -23.1888
0.8975 -23.3152
0.898 -23.3525
0.8985 -23.3706
0.899 -23.3849
0.8995 -23.3982
0.9 -23.4114
0.9005 -23.4245
0.901 -23.4376
0.9015 -23.4506
0.902 -23.4636
0.9025 -23.4766
0.903 -23.4896
0.9035 -23.5025
0.904 -23.5155
0.9045 -23.5284
0.905 -23.5412
0.9055 -23.5541
0.906 -23.5669
0.9065 -23.5797
0.907 -23.5925
0.9075 -23.6052
0.908 -23.6179
0.9085 -23.6306
0.909 -23.6433
0.9095 -23.656
0.91 -23.6686
0.9105 -23.6812
0.911 -23.6938
0.9115 -23.7063
0.912 -23.7189
0.9125 -23.7314
0.913 -23.7439
0.9135 -23.7563
0.914 -23.7688
0.9145 -23.7812
0.915 -23.7936
0.9155 -23.806
0.916 -23.8183
0.9165 -23.8307
0.917 -23.843
0.9175 -23.8553
0.918 -23.8675
0.9185 -23.8798
0.919 -23.892
0.9195 -23.9042
0.92 -23.9164
0.9205 -23.9285
0.921 -23.9407
0.9215 -23.9528
0.922 -23.9649
0.9225 -23.977
0.923 -23.989
0.9235 -24.001
0.924 -24.0131
0.9245 -24.025
0.925 -24.037
0.9255 -24.049
0.926 -24.0609
0.9265 -24.0728
0.927 -24.0847
0.9275 -24.0965
0.928 -24.1084
0.9285 -24.1202
0.929 -24.132
0.9295 -24.1438
0.93 -24.1556
0.9305 -24.1673
0.931 -24.1791
0.9315 -24.1908
0.932 -24.2025
0.9325 -24.2141
0.933 -24.2258
0.9335 -24.2374
0.934 -24.249
0.9345 -24.2606
0.935 -24.2722
0.9355 -24.2837
0.936 -24.2953
0.9365 -24.3068
0.937 -24.3183
0.9375 -24.3298
0.938 -24.3412
0.9385 -24.3527
0.939 -24.3641
0.9395 -24.3755
0.94 -24.3869
0.9405 -24.3983
0.941 -24.4096
0.9415 -24.421
0.942 -24.4323
0.9425 -24.4436
0.943 -24.4549
0.9435 -24.4661
0.944 -24.4774
0.9445 -24.4886
0.945 -24.4998
0.9455 -24.511
0.946 -24.5222
0.9465 -24.5334
0.947 -24.5445
0.9475 -24.5556
0.948 -24.5668
0.9485 -24.5779
0.949 -24.5889
0.9495 -24.6
0.95 -24.611
0.9505 -24.6221
0.951 -24.6331
0.9515 -24.6441
0.952 -24.6551
0.9525 -24.666
0.953 -24.677
0.9535 -24.6879
0.954 -24.6988
0.9545 -24.7097
0.955 -24.7206
0.9555 -24.7315
0.956 -24.7423
0.9565 -24.7532
0.957 -24.764
0.9575 -24.7748
0.958 -24.7856
0.9585 -24.7964
0.959 -24.8071
0.9595 -24.8179
0.96 -24.8286
0.9605 -24.8393
0.961 -24.85
0.9615 -24.8607
0.962 -24.8714
0.9625 -24.882
0.963 -24.8927
0.9635 -24.9033
0.964 -24.9139
0.9645 -24.9245
0.965 -24.9351
0.9655 -24.9456
0.966 -24.9562
0.9665 -24.9667
0.967 -24.9773
0.9675 -24.9878
0.968 -24.9983
0.9685 -25.0088
0.969 -25.0192
0.9695 -25.0297
0.97 -25.0401
0.9705 -25.0506
0.971 -25.061
0.9715 -25.0714
0.972 -25.0818
0.9725 -25.0921
0.973 -25.1025
0.9735 -25.1128
0.974 -25.1232
0.9745 -25.1335
0.975 -25.1438
0.9755 -25.1541
0.976 -25.1644
0.9765 -25.1747
0.977 -25.1849
0.9775 -25.1952
0.978 -25.2054
0.9785 -25.2156
0.979 -25.2258
0.9795 -25.236
0.98 -25.2462
0.9805 -25.2563
0.981 -25.2665
0.9815 -25.2766
0.982 -25.2868
0.9825 -25.2969
0.983 -25.307
0.9835 -25.3171
0.984 -25.3272
0.9845 -25.3372
0.985 -25.3473
0.9855 -25.3573
0.986 -25.3674
0.9865 -25.3774
0.987 -25.3874
0.9875 -25.3974
0.988 -25.4074
0.9885 -25.4174
0.989 -25.4273
0.9895 -25.4373
0.99 -25.4472
0.9905 -25.4572
0.991 -25.4671
0.9915 -25.477
0.992 -25.4869
0.9925 -25.4968
0.993 -25.5066
0.9935 -25.5165
0.994 -25.5264
0.9945 -25.5362
0.995 -25.546
0.9955 -25.5558
0.996 -25.5657
0.9965 -25.5755
0.997 -25.5852
0.9975 -25.595
0.998 -25.6048
0.9985 -25.6145
0.999 -25.6243
0.9995 -25.634
1 -inf
------------
