k:50_n:100_sigma:10_iters:3
Printing log2 count distribution: 
0 -inf
0.01 -4.07109
0.02 -3.59592
0.03 -3.03839
0.04 -2.38223
0.05 -1.61229
0.06 -0.71748
0.07 0.306652
0.08 1.45701
0.09 2.7241
0.1 4.09438
0.11 5.55265
0.12 7.08365
0.13 8.6729
0.14 10.307
0.15 11.9734
0.16 13.6608
0.17 15.3584
0.18 17.0564
0.19 18.7456
0.2 20.4175
0.21 22.0643
0.22 23.6791
0.23 25.2557
0.24 26.7886
0.25 28.2733
0.26 29.7058
0.27 31.0833
0.28 32.4033
0.29 33.6641
0.3 34.8646
0.31 36.004
0.32 37.0821
0.33 38.0986
0.34 39.0538
0.35 39.9481
0.36 40.7817
0.37 41.5551
0.38 42.2689
0.39 42.9236
0.4 43.5196
0.41 44.0574
0.42 44.5374
0.43 44.9601
0.44 45.3257
0.45 45.6345
0.46 45.8868
0.47 46.0828
0.48 46.2226
0.49 46.3063
0.5 46.3341
0.51 46.3058
0.52 46.2215
0.53 46.0811
0.54 45.8845
0.55 45.6316
0.56 45.3222
0.57 44.956
0.58 44.5327
0.59 44.0521
0.6 43.5136
0.61 42.917
0.62 42.2617
0.63 41.5472
0.64 40.7729
0.65 39.9384
0.66 39.0431
0.67 38.0866
0.68 37.0684
0.69 35.9882
0.7 34.846
0.71 33.642
0.72 32.3765
0.73 31.0504
0.74 29.6652
0.75 28.2228
0.76 26.7257
0.77 25.1772
0.78 23.5816
0.79 21.9436
0.8 20.269
0.81 18.5642
0.82 16.8364
0.83 15.0936
0.84 13.3444
0.85 11.5979
0.86 9.86428
0.87 8.15412
0.88 6.47898
0.89 4.85134
0.9 3.28474
0.91 1.79376
0.92 0.393661
0.93 -0.90053
0.94 -2.07589
0.95 -3.12413
0.96 -4.04392
0.97 -4.84165
0.98 -5.53003
0.99 -6.12521
1 -inf
------------
