k:50_n:100_sigma:10_iters:2
Printing log2 count distribution: 
0 -inf
0.01 0
0.02 1.30728
0.03 2.65836
0.04 4.03583
0.05 5.4278
0.06 6.82614
0.07 8.22522
0.08 9.62101
0.09 11.0105
0.1 12.3914
0.11 13.7619
0.12 15.1203
0.13 16.4653
0.14 17.7957
0.15 19.1103
0.16 20.4082
0.17 21.6883
0.18 22.9496
0.19 24.1912
0.2 25.412
0.21 26.6112
0.22 27.7877
0.23 28.9405
0.24 30.0686
0.25 31.1708
0.26 32.2462
0.27 33.2935
0.28 34.3115
0.29 35.299
0.3 36.2548
0.31 37.1774
0.32 38.0656
0.33 38.9178
0.34 39.7325
0.35 40.5082
0.36 41.2434
0.37 41.9363
0.38 42.5853
0.39 43.1886
0.4 43.7446
0.41 44.2516
0.42 44.7077
0.43 45.1115
0.44 45.4613
0.45 45.7557
0.46 45.9933
0.47 46.173
0.48 46.2938
0.49 46.355
0.5 46.3562
0.51 46.2973
0.52 46.1783
0.53 45.9996
0.54 45.762
0.55 45.4662
0.56 45.1134
0.57 44.7049
0.58 44.2421
0.59 43.7265
0.6 43.1596
0.61 42.5433
0.62 41.879
0.63 41.1684
0.64 40.4133
0.65 39.6152
0.66 38.7756
0.67 37.8961
0.68 36.9781
0.69 36.0231
0.7 35.0324
0.71 34.0073
0.72 32.9489
0.73 31.8585
0.74 30.7372
0.75 29.5859
0.76 28.4056
0.77 27.1973
0.78 25.9617
0.79 24.6997
0.8 23.412
0.81 22.0992
0.82 20.762
0.83 19.4007
0.84 18.0159
0.85 16.6078
0.86 15.1768
0.87 13.7228
0.88 12.2458
0.89 10.7456
0.9 9.22152
0.91 7.67266
0.92 6.09745
0.93 4.49341
0.94 2.85651
0.95 1.17987
0.96 -0.54913
0.97 -2.35659
0.98 -4.30743
0.99 -6.62936
1 -inf
------------
