k:50_n:100_sigma:50_iters:2
Printing log2 count distribution: 
0 -inf
0.01 -50
0.02 -39.6837
0.03 -33.6753
0.04 -28.6193
0.05 -24.1169
0.06 -20.0019
0.07 -16.1834
0.08 -12.6055
0.09 -9.23119
0.1 -6.03443
0.11 -2.9964
0.12 -0.102794
0.13 2.6576
0.14 5.29387
0.15 7.81357
0.16 10.2231
0.17 12.528
0.18 14.7332
0.19 16.8428
0.2 18.8607
0.21 20.7904
0.22 22.6347
0.23 24.3965
0.24 26.0784
0.25 27.6824
0.26 29.2108
0.27 30.6654
0.28 32.0479
0.29 33.3598
0.3 34.6027
0.31 35.7777
0.32 36.8863
0.33 37.9293
0.34 38.908
0.35 39.8231
0.36 40.6755
0.37 41.4661
0.38 42.1954
0.39 42.8642
0.4 43.473
0.41 44.0224
0.42 44.5127
0.43 44.9444
0.44 45.3179
0.45 45.6334
0.46 45.8912
0.47 46.0915
0.48 46.2344
0.49 46.3201
0.5 46.3487
0.51 46.3201
0.52 46.2344
0.53 46.0915
0.54 45.8912
0.55 45.6334
0.56 45.3179
0.57 44.9444
0.58 44.5127
0.59 44.0224
0.6 43.473
0.61 42.8642
0.62 42.1954
0.63 41.4661
0.64 40.6755
0.65 39.8231
0.66 38.908
0.67 37.9293
0.68 36.8863
0.69 35.7777
0.7 34.6027
0.71 33.3598
0.72 32.0479
0.73 30.6654
0.74 29.2108
0.75 27.6824
0.76 26.0784
0.77 24.3966
0.78 22.6347
0.79 20.7904
0.8 18.8608
0.81 16.8428
0.82 14.7332
0.83 12.5281
0.84 10.2232
0.85 7.81384
0.86 5.29447
0.87 2.65888
0.88 -0.100111
0.89 -2.99088
0.9 -6.0233
0.91 -9.20917
0.92 -12.5628
0.93 -16.102
0.94 -19.8492
0.95 -23.8341
0.96 -28.0971
0.97 -32.697
0.98 -37.7268
0.99 -43.3561
1 -50
------------
