k:50_n:100_sigma:10_iters:5
Printing log2 count distribution: 
0 -inf
0.01 -13.7366
0.02 -13.634
0.03 -13.5257
0.04 -13.4093
0.05 -13.277
0.06 -13.0901
0.07 -12.6298
0.08 -11.1853
0.09 -8.58693
0.1 -5.6447
0.11 -2.72565
0.12 0.0964527
0.13 2.8085
0.14 5.40995
0.15 7.90357
0.16 10.2931
0.17 12.5825
0.18 14.7754
0.19 16.8755
0.2 18.8859
0.21 20.8096
0.22 22.6494
0.23 24.4077
0.24 26.0867
0.25 27.6887
0.26 29.2155
0.27 30.6689
0.28 32.0504
0.29 33.3617
0.3 34.604
0.31 35.7788
0.32 36.887
0.33 37.9299
0.34 38.9083
0.35 39.8233
0.36 40.6757
0.37 41.4662
0.38 42.1955
0.39 42.8643
0.4 43.473
0.41 44.0224
0.42 44.5127
0.43 44.9444
0.44 45.3179
0.45 45.6334
0.46 45.8912
0.47 46.0915
0.48 46.2344
0.49 46.3201
0.5 46.3487
0.51 46.3201
0.52 46.2344
0.53 46.0915
0.54 45.8912
0.55 45.6334
0.56 45.3179
0.57 44.9444
0.58 44.5127
0.59 44.0224
0.6 43.473
0.61 42.8642
0.62 42.1955
0.63 41.4662
0.64 40.6757
0.65 39.8233
0.66 38.9083
0.67 37.9298
0.68 36.8869
0.69 35.7786
0.7 34.6038
0.71 33.3614
0.72 32.0501
0.73 30.6684
0.74 29.2149
0.75 27.6879
0.76 26.0856
0.77 24.4062
0.78 22.6475
0.79 20.8072
0.8 18.8828
0.81 16.8715
0.82 14.7704
0.83 12.576
0.84 10.2849
0.85 7.89302
0.86 5.39621
0.87 2.79018
0.88 0.0710156
0.89 -2.76345
0.9 -5.70875
0.91 -8.72976
0.92 -11.6231
0.93 -13.646
0.94 -14.4035
0.95 -14.6743
0.96 -14.8523
0.97 -15.0094
0.98 -15.1579
0.99 -15.3012
1 -inf
------------
