k:1000_n:2000_sigma:10_iters:4
Printing log2 count distribution: 
0 -inf
0.0005 -22.9879
0.001 -22.9653
0.0015 -22.9429
0.002 -22.9207
0.0025 -22.8988
0.003 -22.877
0.0035 -22.8556
0.004 -22.8343
0.0045 -22.8132
0.005 -22.7924
0.0055 -22.7717
0.006 -22.7513
0.0065 -22.731
0.007 -22.711
0.0075 -22.6911
0.008 -22.6714
0.0085 -22.6519
0.009 -22.6326
0.0095 -22.6134
0.01 -22.5944
0.0105 -22.5756
0.011 -22.5569
0.0115 -22.5384
0.012 -22.5201
0.0125 -22.5019
0.013 -22.4838
0.0135 -22.4659
0.014 -22.4482
0.0145 -22.4306
0.015 -22.4131
0.0155 -22.3958
0.016 -22.3786
0.0165 -22.3616
0.017 -22.3446
0.0175 -22.3278
0.018 -22.3112
0.0185 -22.2946
0.019 -22.2782
0.0195 -22.2619
0.02 -22.2457
0.0205 -22.2297
0.021 -22.2137
0.0215 -22.1979
0.022 -22.1822
0.0225 -22.1666
0.023 -22.1511
0.0235 -22.1357
0.024 -22.1204
0.0245 -22.1052
0.025 -22.0901
0.0255 -22.0751
0.026 -22.0602
0.0265 -22.0455
0.027 -22.0308
0.0275 -22.0162
0.028 -22.0017
0.0285 -21.9873
0.029 -21.9729
0.0295 -21.9587
0.03 -21.9446
0.0305 -21.9305
0.031 -21.9165
0.0315 -21.9027
0.032 -21.8889
0.0325 -21.8751
0.033 -21.8615
0.0335 -21.848
0.034 -21.8345
0.0345 -21.8211
0.035 -21.8078
0.0355 -21.7945
0.036 -21.7814
0.0365 -21.7683
0.037 -21.7553
0.0375 -21.7423
0.038 -21.7294
0.0385 -21.7166
0.039 -21.7039
0.0395 -21.6913
0.04 -21.6787
0.0405 -21.6661
0.041 -21.6537
0.0415 -21.6413
0.042 -21.629
0.0425 -21.6167
0.043 -21.6045
0.0435 -21.5924
0.044 -21.5803
0.0445 -21.5683
0.045 -21.5564
0.0455 -21.5445
0.046 -21.5326
0.0465 -21.5209
0.047 -21.5092
0.0475 -21.4975
0.048 -21.4859
0.0485 -21.4744
0.049 -21.4629
0.0495 -21.4515
0.05 -21.4401
0.0505 -21.4288
0.051 -21.4175
0.0515 -21.4063
0.052 -21.3952
0.0525 -21.3841
0.053 -21.373
0.0535 -21.362
0.054 -21.3511
0.0545 -21.3401
0.055 -21.3293
0.0555 -21.3185
0.056 -21.3077
0.0565 -21.297
0.057 -21.2864
0.0575 -21.2758
0.058 -21.2652
0.0585 -21.2547
0.059 -21.2442
0.0595 -21.2338
0.06 -21.2234
0.0605 -21.213
0.061 -21.2027
0.0615 -21.1925
0.062 -21.1823
0.0625 -21.1721
0.063 -21.162
0.0635 -21.1519
0.064 -21.1418
0.0645 -21.1318
0.065 -21.1219
0.0655 -21.112
0.066 -21.1021
0.0665 -21.0922
0.067 -21.0824
0.0675 -21.0727
0.068 -21.0629
0.0685 -21.0533
0.069 -21.0436
0.0695 -21.034
0.07 -21.0244
0.0705 -21.0149
0.071 -21.0054
0.0715 -20.9959
0.072 -20.9865
0.0725 -20.9771
0.073 -20.9677
0.0735 -20.9584
0.074 -20.9491
0.0745 -20.9398
0.075 -20.9306
0.0755 -20.9214
0.076 -20.9123
0.0765 -20.9031
0.077 -20.894
0.0775 -20.885
0.078 -20.876
0.0785 -20.867
0.079 -20.858
0.0795 -20.8491
0.08 -20.8402
0.0805 -20.8313
0.081 -20.8224
0.0815 -20.8136
0.082 -20.8048
0.0825 -20.7961
0.083 -20.7874
0.0835 -20.7787
0.084 -20.77
0.0845 -20.7614
0.085 -20.7528
0.0855 -20.7442
0.086 -20.7356
0.0865 -20.7271
0.087 -20.7186
0.0875 -20.7101
0.088 -20.7017
0.0885 -20.6932
0.089 -20.6849
0.0895 -20.6765
0.09 -20.6681
0.0905 -20.6598
0.091 -20.6515
0.0915 -20.6433
0.092 -20.635
0.0925 -20.6268
0.093 -20.6186
0.0935 -20.6105
0.094 -20.6023
0.0945 -20.5942
0.095 -20.5861
0.0955 -20.578
0.096 -20.57
0.0965 -20.5619
0.097 -20.5539
0.0975 -20.5459
0.098 -20.538
0.0985 -20.5301
0.099 -20.5221
0.0995 -20.5142
0.1 -20.5062
0.1005 -20.4972
0.101 -20.4813
0.1015 -20.4166
0.102 -20.0559
0.1025 -18.6983
0.103 -16.2786
0.1035 -13.5149
0.104 -10.6968
0.1045 -7.87521
0.105 -5.05771
0.1055 -2.24533
0.106 0.561808
0.1065 3.36368
0.107 6.16031
0.1075 8.95169
0.108 11.7378
0.1085 14.5188
0.109 17.2945
0.1095 20.0651
0.11 22.8304
0.1105 25.5906
0.111 28.3456
0.1115 31.0955
0.112 33.8402
0.1125 36.5798
0.113 39.3143
0.1135 42.0437
0.114 44.768
0.1145 47.4871
0.115 50.2013
0.1155 52.9103
0.116 55.6143
0.1165 58.3132
0.117 61.0071
0.1175 63.696
0.118 66.3798
0.1185 69.0587
0.119 71.7325
0.1195 74.4014
0.12 77.0652
0.1205 79.7241
0.121 82.378
0.1215 85.027
0.122 87.671
0.1225 90.3101
0.123 92.9443
0.1235 95.5735
0.124 98.1978
0.1245 100.817
0.125 103.432
0.1255 106.041
0.126 108.646
0.1265 111.246
0.127 113.841
0.1275 116.431
0.128 119.016
0.1285 121.597
0.129 124.173
0.1295 126.743
0.13 129.309
0.1305 131.871
0.131 134.427
0.1315 136.979
0.132 139.525
0.1325 142.067
0.133 144.605
0.1335 147.137
0.134 149.665
0.1345 152.188
0.135 154.706
0.1355 157.22
0.136 159.728
0.1365 162.233
0.137 164.732
0.1375 167.227
0.138 169.716
0.1385 172.202
0.139 174.682
0.1395 177.158
0.14 179.629
0.1405 182.096
0.141 184.558
0.1415 187.015
0.142 189.468
0.1425 191.916
0.143 194.359
0.1435 196.797
0.144 199.232
0.1445 201.661
0.145 204.086
0.1455 206.506
0.146 208.922
0.1465 211.333
0.147 213.739
0.1475 216.141
0.148 218.538
0.1485 220.931
0.149 223.319
0.1495 225.703
0.15 228.082
0.1505 230.456
0.151 232.826
0.1515 235.192
0.152 237.553
0.1525 239.909
0.153 242.261
0.1535 244.609
0.154 246.952
0.1545 249.29
0.155 251.624
0.1555 253.953
0.156 256.278
0.1565 258.599
0.157 260.915
0.1575 263.226
0.158 265.533
0.1585 267.836
0.159 270.134
0.1595 272.428
0.16 274.717
0.1605 277.002
0.161 279.283
0.1615 281.559
0.162 283.83
0.1625 286.098
0.163 288.36
0.1635 290.619
0.164 292.873
0.1645 295.123
0.165 297.368
0.1655 299.609
0.166 301.845
0.1665 304.077
0.167 306.305
0.1675 308.529
0.168 310.748
0.1685 312.963
0.169 315.173
0.1695 317.379
0.17 319.581
0.1705 321.778
0.171 323.971
0.1715 326.16
0.172 328.345
0.1725 330.525
0.173 332.701
0.1735 334.872
0.174 337.039
0.1745 339.202
0.175 341.361
0.1755 343.516
0.176 345.666
0.1765 347.812
0.177 349.953
0.1775 352.091
0.178 354.224
0.1785 356.353
0.179 358.477
0.1795 360.598
0.18 362.714
0.1805 364.826
0.181 366.934
0.1815 369.037
0.182 371.137
0.1825 373.232
0.183 375.322
0.1835 377.409
0.184 379.492
0.1845 381.57
0.185 383.644
0.1855 385.714
0.186 387.78
0.1865 389.841
0.187 391.899
0.1875 393.952
0.188 396.001
0.1885 398.046
0.189 400.087
0.1895 402.124
0.19 404.156
0.1905 406.184
0.191 408.209
0.1915 410.229
0.192 412.245
0.1925 414.257
0.193 416.264
0.1935 418.268
0.194 420.268
0.1945 422.263
0.195 424.254
0.1955 426.242
0.196 428.225
0.1965 430.204
0.197 432.179
0.1975 434.15
0.198 436.117
0.1985 438.08
0.199 440.038
0.1995 441.993
0.2 443.944
0.2005 445.89
0.201 447.833
0.2015 449.771
0.202 451.706
0.2025 453.636
0.203 455.563
0.2035 457.485
0.204 459.403
0.2045 461.318
0.205 463.228
0.2055 465.134
0.206 467.037
0.2065 468.935
0.207 470.829
0.2075 472.72
0.208 474.606
0.2085 476.489
0.209 478.367
0.2095 480.241
0.21 482.112
0.2105 483.978
0.211 485.841
0.2115 487.7
0.212 489.554
0.2125 491.405
0.213 493.252
0.2135 495.094
0.214 496.933
0.2145 498.768
0.215 500.599
0.2155 502.426
0.216 504.25
0.2165 506.069
0.217 507.884
0.2175 509.696
0.218 511.503
0.2185 513.307
0.219 515.107
0.2195 516.902
0.22 518.694
0.2205 520.482
0.221 522.267
0.2215 524.047
0.222 525.823
0.2225 527.596
0.223 529.365
0.2235 531.13
0.224 532.891
0.2245 534.648
0.225 536.401
0.2255 538.151
0.226 539.896
0.2265 541.638
0.227 543.376
0.2275 545.11
0.228 546.84
0.2285 548.567
0.229 550.289
0.2295 552.008
0.23 553.723
0.2305 555.434
0.231 557.142
0.2315 558.845
0.232 560.545
0.2325 562.241
0.233 563.934
0.2335 565.622
0.234 567.307
0.2345 568.988
0.235 570.665
0.2355 572.338
0.236 574.008
0.2365 575.674
0.237 577.336
0.2375 578.994
0.238 580.648
0.2385 582.299
0.239 583.946
0.2395 585.59
0.24 587.229
0.2405 588.865
0.241 590.497
0.2415 592.126
0.242 593.75
0.2425 595.371
0.243 596.989
0.2435 598.602
0.244 600.212
0.2445 601.818
0.245 603.421
0.2455 605.019
0.246 606.614
0.2465 608.206
0.247 609.793
0.2475 611.377
0.248 612.958
0.2485 614.534
0.249 616.107
0.2495 617.676
0.25 619.242
0.2505 620.804
0.251 622.362
0.2515 623.917
0.252 625.468
0.2525 627.015
0.253 628.559
0.2535 630.099
0.254 631.635
0.2545 633.168
0.255 634.697
0.2555 636.223
0.256 637.745
0.2565 639.263
0.257 640.778
0.2575 642.289
0.258 643.796
0.2585 645.3
0.259 646.8
0.2595 648.297
0.26 649.79
0.2605 651.279
0.261 652.765
0.2615 654.247
0.262 655.726
0.2625 657.201
0.263 658.672
0.2635 660.14
0.264 661.604
0.2645 663.065
0.265 664.522
0.2655 665.976
0.266 667.426
0.2665 668.872
0.267 670.315
0.2675 671.755
0.268 673.191
0.2685 674.623
0.269 676.052
0.2695 677.477
0.27 678.899
0.2705 680.317
0.271 681.732
0.2715 683.143
0.272 684.55
0.2725 685.954
0.273 687.355
0.2735 688.752
0.274 690.145
0.2745 691.535
0.275 692.922
0.2755 694.305
0.276 695.684
0.2765 697.061
0.277 698.433
0.2775 699.802
0.278 701.168
0.2785 702.53
0.279 703.888
0.2795 705.243
0.28 706.595
0.2805 707.943
0.281 709.288
0.2815 710.629
0.282 711.967
0.2825 713.301
0.283 714.632
0.2835 715.959
0.284 717.283
0.2845 718.604
0.285 719.921
0.2855 721.235
0.286 722.545
0.2865 723.852
0.287 725.155
0.2875 726.455
0.288 727.751
0.2885 729.044
0.289 730.334
0.2895 731.62
0.29 732.903
0.2905 734.182
0.291 735.458
0.2915 736.731
0.292 738
0.2925 739.265
0.293 740.528
0.2935 741.787
0.294 743.042
0.2945 744.294
0.295 745.543
0.2955 746.788
0.296 748.03
0.2965 749.269
0.297 750.504
0.2975 751.736
0.298 752.964
0.2985 754.189
0.299 755.411
0.2995 756.63
0.3 757.845
0.3005 759.056
0.301 760.264
0.3015 761.469
0.302 762.671
0.3025 763.869
0.303 765.064
0.3035 766.256
0.304 767.444
0.3045 768.629
0.305 769.81
0.3055 770.988
0.306 772.163
0.3065 773.335
0.307 774.503
0.3075 775.668
0.308 776.829
0.3085 777.987
0.309 779.142
0.3095 780.294
0.31 781.442
0.3105 782.587
0.311 783.729
0.3115 784.867
0.312 786.002
0.3125 787.134
0.313 788.262
0.3135 789.387
0.314 790.509
0.3145 791.628
0.315 792.743
0.3155 793.855
0.316 794.964
0.3165 796.069
0.317 797.171
0.3175 798.27
0.318 799.366
0.3185 800.458
0.319 801.547
0.3195 802.633
0.32 803.716
0.3205 804.795
0.321 805.871
0.3215 806.944
0.322 808.013
0.3225 809.079
0.323 810.142
0.3235 811.202
0.324 812.259
0.3245 813.312
0.325 814.362
0.3255 815.409
0.326 816.452
0.3265 817.492
0.327 818.53
0.3275 819.563
0.328 820.594
0.3285 821.621
0.329 822.645
0.3295 823.666
0.33 824.684
0.3305 825.699
0.331 826.71
0.3315 827.718
0.332 828.723
0.3325 829.724
0.333 830.723
0.3335 831.718
0.334 832.71
0.3345 833.699
0.335 834.684
0.3355 835.667
0.336 836.646
0.3365 837.622
0.337 838.595
0.3375 839.565
0.338 840.531
0.3385 841.494
0.339 842.454
0.3395 843.411
0.34 844.365
0.3405 845.316
0.341 846.263
0.3415 847.207
0.342 848.148
0.3425 849.086
0.343 850.021
0.3435 850.952
0.344 851.881
0.3445 852.806
0.345 853.728
0.3455 854.647
0.346 855.563
0.3465 856.475
0.347 857.385
0.3475 858.291
0.348 859.194
0.3485 860.094
0.349 860.991
0.3495 861.885
0.35 862.775
0.3505 863.663
0.351 864.547
0.3515 865.428
0.352 866.306
0.3525 867.181
0.353 868.053
0.3535 868.921
0.354 869.787
0.3545 870.649
0.355 871.508
0.3555 872.364
0.356 873.217
0.3565 874.067
0.357 874.914
0.3575 875.758
0.358 876.598
0.3585 877.436
0.359 878.27
0.3595 879.101
0.36 879.929
0.3605 880.754
0.361 881.576
0.3615 882.395
0.362 883.211
0.3625 884.024
0.363 884.833
0.3635 885.639
0.364 886.443
0.3645 887.243
0.365 888.04
0.3655 888.834
0.366 889.625
0.3665 890.413
0.367 891.198
0.3675 891.98
0.368 892.758
0.3685 893.534
0.369 894.306
0.3695 895.076
0.37 895.842
0.3705 896.605
0.371 897.366
0.3715 898.123
0.372 898.877
0.3725 899.628
0.373 900.376
0.3735 901.121
0.374 901.863
0.3745 902.601
0.375 903.337
0.3755 904.07
0.376 904.799
0.3765 905.526
0.377 906.249
0.3775 906.97
0.378 907.687
0.3785 908.401
0.379 909.113
0.3795 909.821
0.38 910.526
0.3805 911.228
0.381 911.928
0.3815 912.624
0.382 913.317
0.3825 914.007
0.383 914.694
0.3835 915.378
0.384 916.059
0.3845 916.736
0.385 917.411
0.3855 918.083
0.386 918.752
0.3865 919.418
0.387 920.08
0.3875 920.74
0.388 921.397
0.3885 922.051
0.389 922.701
0.3895 923.349
0.39 923.993
0.3905 924.635
0.391 925.274
0.3915 925.909
0.392 926.542
0.3925 927.171
0.393 927.798
0.3935 928.422
0.394 929.042
0.3945 929.66
0.395 930.274
0.3955 930.886
0.396 931.494
0.3965 932.1
0.397 932.702
0.3975 933.302
0.398 933.898
0.3985 934.492
0.399 935.082
0.3995 935.67
0.4 936.255
0.4005 936.836
0.401 937.415
0.4015 937.99
0.402 938.563
0.4025 939.133
0.403 939.699
0.4035 940.263
0.404 940.824
0.4045 941.381
0.405 941.936
0.4055 942.488
0.406 943.037
0.4065 943.582
0.407 944.125
0.4075 944.665
0.408 945.202
0.4085 945.736
0.409 946.267
0.4095 946.795
0.41 947.319
0.4105 947.841
0.411 948.361
0.4115 948.877
0.412 949.39
0.4125 949.9
0.413 950.407
0.4135 950.911
0.414 951.412
0.4145 951.911
0.415 952.406
0.4155 952.898
0.416 953.388
0.4165 953.874
0.417 954.358
0.4175 954.838
0.418 955.316
0.4185 955.791
0.419 956.262
0.4195 956.731
0.42 957.197
0.4205 957.66
0.421 958.119
0.4215 958.576
0.422 959.03
0.4225 959.481
0.423 959.929
0.4235 960.375
0.424 960.817
0.4245 961.256
0.425 961.692
0.4255 962.126
0.426 962.556
0.4265 962.984
0.427 963.408
0.4275 963.83
0.428 964.249
0.4285 964.664
0.429 965.077
0.4295 965.487
0.43 965.894
0.4305 966.298
0.431 966.699
0.4315 967.097
0.432 967.493
0.4325 967.885
0.433 968.274
0.4335 968.661
0.434 969.044
0.4345 969.425
0.435 969.802
0.4355 970.177
0.436 970.549
0.4365 970.918
0.437 971.284
0.4375 971.647
0.438 972.007
0.4385 972.364
0.439 972.719
0.4395 973.07
0.44 973.418
0.4405 973.764
0.441 974.106
0.4415 974.446
0.442 974.783
0.4425 975.117
0.443 975.448
0.4435 975.776
0.444 976.101
0.4445 976.423
0.445 976.742
0.4455 977.059
0.446 977.372
0.4465 977.683
0.447 977.99
0.4475 978.295
0.448 978.597
0.4485 978.896
0.449 979.192
0.4495 979.485
0.45 979.775
0.4505 980.063
0.451 980.347
0.4515 980.628
0.452 980.907
0.4525 981.183
0.453 981.455
0.4535 981.725
0.454 981.992
0.4545 982.256
0.455 982.518
0.4555 982.776
0.456 983.031
0.4565 983.284
0.457 983.533
0.4575 983.78
0.458 984.024
0.4585 984.265
0.459 984.503
0.4595 984.738
0.46 984.97
0.4605 985.199
0.461 985.425
0.4615 985.649
0.462 985.87
0.4625 986.087
0.463 986.302
0.4635 986.514
0.464 986.723
0.4645 986.929
0.465 987.132
0.4655 987.333
0.466 987.53
0.4665 987.725
0.467 987.916
0.4675 988.105
0.468 988.291
0.4685 988.474
0.469 988.654
0.4695 988.832
0.47 989.006
0.4705 989.177
0.471 989.346
0.4715 989.512
0.472 989.674
0.4725 989.834
0.473 989.991
0.4735 990.145
0.474 990.297
0.4745 990.445
0.475 990.59
0.4755 990.733
0.476 990.873
0.4765 991.01
0.477 991.144
0.4775 991.275
0.478 991.403
0.4785 991.528
0.479 991.65
0.4795 991.77
0.48 991.887
0.4805 992
0.481 992.111
0.4815 992.219
0.482 992.324
0.4825 992.426
0.483 992.526
0.4835 992.622
0.484 992.716
0.4845 992.807
0.485 992.894
0.4855 992.979
0.486 993.061
0.4865 993.141
0.487 993.217
0.4875 993.29
0.488 993.361
0.4885 993.428
0.489 993.493
0.4895 993.555
0.49 993.614
0.4905 993.67
0.491 993.723
0.4915 993.774
0.492 993.821
0.4925 993.866
0.493 993.908
0.4935 993.947
0.494 993.983
0.4945 994.016
0.495 994.046
0.4955 994.073
0.496 994.098
0.4965 994.119
0.497 994.138
0.4975 994.154
0.498 994.167
0.4985 994.177
0.499 994.184
0.4995 994.188
0.5 994.19
0.5005 994.188
0.501 994.184
0.5015 994.177
0.502 994.167
0.5025 994.154
0.503 994.138
0.5035 994.119
0.504 994.098
0.5045 994.073
0.505 994.046
0.5055 994.016
0.506 993.983
0.5065 993.947
0.507 993.908
0.5075 993.866
0.508 993.821
0.5085 993.774
0.509 993.723
0.5095 993.67
0.51 993.614
0.5105 993.555
0.511 993.493
0.5115 993.428
0.512 993.361
0.5125 993.29
0.513 993.217
0.5135 993.14
0.514 993.061
0.5145 992.979
0.515 992.894
0.5155 992.806
0.516 992.716
0.5165 992.622
0.517 992.526
0.5175 992.426
0.518 992.324
0.5185 992.219
0.519 992.111
0.5195 992
0.52 991.886
0.5205 991.77
0.521 991.65
0.5215 991.528
0.522 991.403
0.5225 991.274
0.523 991.143
0.5235 991.009
0.524 990.873
0.5245 990.733
0.525 990.59
0.5255 990.445
0.526 990.296
0.5265 990.145
0.527 989.991
0.5275 989.834
0.528 989.674
0.5285 989.511
0.529 989.346
0.5295 989.177
0.53 989.006
0.5305 988.831
0.531 988.654
0.5315 988.474
0.532 988.291
0.5325 988.105
0.533 987.916
0.5335 987.725
0.534 987.53
0.5345 987.333
0.535 987.132
0.5355 986.929
0.536 986.723
0.5365 986.514
0.537 986.302
0.5375 986.087
0.538 985.869
0.5385 985.649
0.539 985.425
0.5395 985.199
0.54 984.97
0.5405 984.737
0.541 984.502
0.5415 984.264
0.542 984.023
0.5425 983.78
0.543 983.533
0.5435 983.283
0.544 983.031
0.5445 982.776
0.545 982.517
0.5455 982.256
0.546 981.992
0.5465 981.725
0.547 981.455
0.5475 981.182
0.548 980.907
0.5485 980.628
0.549 980.347
0.5495 980.062
0.55 979.775
0.5505 979.485
0.551 979.192
0.5515 978.896
0.552 978.597
0.5525 978.295
0.553 977.99
0.5535 977.682
0.554 977.372
0.5545 977.058
0.555 976.742
0.5555 976.423
0.556 976.101
0.5565 975.775
0.557 975.447
0.5575 975.116
0.558 974.783
0.5585 974.446
0.559 974.106
0.5595 973.763
0.56 973.418
0.5605 973.07
0.561 972.718
0.5615 972.364
0.562 972.007
0.5625 971.647
0.563 971.283
0.5635 970.917
0.564 970.549
0.5645 970.177
0.565 969.802
0.5655 969.424
0.566 969.044
0.5665 968.66
0.567 968.274
0.5675 967.884
0.568 967.492
0.5685 967.097
0.569 966.699
0.5695 966.298
0.57 965.894
0.5705 965.487
0.571 965.077
0.5715 964.664
0.572 964.248
0.5725 963.829
0.573 963.408
0.5735 962.983
0.574 962.556
0.5745 962.125
0.575 961.692
0.5755 961.256
0.576 960.816
0.5765 960.374
0.577 959.929
0.5775 959.481
0.578 959.03
0.5785 958.576
0.579 958.119
0.5795 957.659
0.58 957.196
0.5805 956.73
0.581 956.262
0.5815 955.79
0.582 955.315
0.5825 954.838
0.583 954.357
0.5835 953.874
0.584 953.387
0.5845 952.898
0.585 952.405
0.5855 951.91
0.586 951.412
0.5865 950.911
0.587 950.406
0.5875 949.899
0.588 949.389
0.5885 948.876
0.589 948.36
0.5895 947.841
0.59 947.319
0.5905 946.794
0.591 946.266
0.5915 945.735
0.592 945.201
0.5925 944.664
0.593 944.124
0.5935 943.582
0.594 943.036
0.5945 942.487
0.595 941.935
0.5955 941.381
0.596 940.823
0.5965 940.262
0.597 939.699
0.5975 939.132
0.598 938.562
0.5985 937.99
0.599 937.414
0.5995 936.835
0.6 936.254
0.6005 935.669
0.601 935.082
0.6015 934.491
0.602 933.898
0.6025 933.301
0.603 932.701
0.6035 932.099
0.604 931.493
0.6045 930.885
0.605 930.273
0.6055 929.659
0.606 929.041
0.6065 928.421
0.607 927.797
0.6075 927.171
0.608 926.541
0.6085 925.908
0.609 925.273
0.6095 924.634
0.61 923.993
0.6105 923.348
0.611 922.7
0.6115 922.05
0.612 921.396
0.6125 920.739
0.613 920.079
0.6135 919.417
0.614 918.751
0.6145 918.082
0.615 917.41
0.6155 916.735
0.616 916.057
0.6165 915.377
0.617 914.693
0.6175 914.006
0.618 913.316
0.6185 912.623
0.619 911.926
0.6195 911.227
0.62 910.525
0.6205 909.82
0.621 909.112
0.6215 908.4
0.622 907.686
0.6225 906.969
0.623 906.248
0.6235 905.525
0.624 904.798
0.6245 904.068
0.625 903.336
0.6255 902.6
0.626 901.861
0.6265 901.12
0.627 900.375
0.6275 899.627
0.628 898.876
0.6285 898.122
0.629 897.364
0.6295 896.604
0.63 895.841
0.6305 895.075
0.631 894.305
0.6315 893.533
0.632 892.757
0.6325 891.978
0.633 891.197
0.6335 890.412
0.634 889.624
0.6345 888.833
0.635 888.039
0.6355 887.242
0.636 886.441
0.6365 885.638
0.637 884.832
0.6375 884.022
0.638 883.209
0.6385 882.394
0.639 881.575
0.6395 880.753
0.64 879.928
0.6405 879.1
0.641 878.269
0.6415 877.434
0.642 876.597
0.6425 875.756
0.643 874.913
0.6435 874.066
0.644 873.216
0.6445 872.363
0.645 871.507
0.6455 870.647
0.646 869.785
0.6465 868.92
0.647 868.051
0.6475 867.179
0.648 866.304
0.6485 865.426
0.649 864.545
0.6495 863.661
0.65 862.773
0.6505 861.883
0.651 860.989
0.6515 860.092
0.652 859.192
0.6525 858.289
0.653 857.383
0.6535 856.473
0.654 855.561
0.6545 854.645
0.655 853.726
0.6555 852.804
0.656 851.879
0.6565 850.95
0.657 850.019
0.6575 849.084
0.658 848.146
0.6585 847.205
0.659 846.261
0.6595 845.314
0.66 844.363
0.6605 843.409
0.661 842.452
0.6615 841.492
0.662 840.529
0.6625 839.562
0.663 838.593
0.6635 837.62
0.664 836.644
0.6645 835.665
0.665 834.682
0.6655 833.697
0.666 832.708
0.6665 831.716
0.667 830.72
0.6675 829.722
0.668 828.72
0.6685 827.715
0.669 826.707
0.6695 825.696
0.67 824.682
0.6705 823.664
0.671 822.643
0.6715 821.619
0.672 820.591
0.6725 819.561
0.673 818.527
0.6735 817.49
0.674 816.449
0.6745 815.406
0.675 814.359
0.6755 813.309
0.676 812.256
0.6765 811.199
0.677 810.14
0.6775 809.077
0.678 808.01
0.6785 806.941
0.679 805.868
0.6795 804.792
0.68 803.713
0.6805 802.63
0.681 801.544
0.6815 800.455
0.682 799.363
0.6825 798.267
0.683 797.168
0.6835 796.066
0.684 794.961
0.6845 793.852
0.685 792.74
0.6855 791.625
0.686 790.506
0.6865 789.384
0.687 788.259
0.6875 787.131
0.688 785.999
0.6885 784.864
0.689 783.725
0.6895 782.584
0.69 781.439
0.6905 780.29
0.691 779.139
0.6915 777.984
0.692 776.826
0.6925 775.664
0.693 774.499
0.6935 773.331
0.694 772.159
0.6945 770.984
0.695 769.806
0.6955 768.625
0.696 767.44
0.6965 766.252
0.697 765.06
0.6975 763.865
0.698 762.667
0.6985 761.465
0.699 760.26
0.6995 759.052
0.7 757.84
0.7005 756.625
0.701 755.407
0.7015 754.185
0.702 752.96
0.7025 751.732
0.703 750.5
0.7035 749.264
0.704 748.026
0.7045 746.784
0.705 745.538
0.7055 744.29
0.706 743.037
0.7065 741.782
0.707 740.523
0.7075 739.261
0.708 737.995
0.7085 736.726
0.709 735.453
0.7095 734.177
0.71 732.898
0.7105 731.615
0.711 730.329
0.7115 729.039
0.712 727.746
0.7125 726.45
0.713 725.15
0.7135 723.846
0.714 722.539
0.7145 721.229
0.715 719.916
0.7155 718.598
0.716 717.278
0.7165 715.954
0.717 714.626
0.7175 713.296
0.718 711.961
0.7185 710.623
0.719 709.282
0.7195 707.937
0.72 706.589
0.7205 705.237
0.721 703.882
0.7215 702.524
0.722 701.161
0.7225 699.796
0.723 698.427
0.7235 697.054
0.724 695.678
0.7245 694.299
0.725 692.915
0.7255 691.529
0.726 690.139
0.7265 688.745
0.727 687.348
0.7275 685.948
0.728 684.543
0.7285 683.136
0.729 681.725
0.7295 680.31
0.73 678.892
0.7305 677.47
0.731 676.045
0.7315 674.616
0.732 673.183
0.7325 671.747
0.733 670.308
0.7335 668.865
0.734 667.418
0.7345 665.968
0.735 664.515
0.7355 663.057
0.736 661.596
0.7365 660.132
0.737 658.664
0.7375 657.193
0.738 655.717
0.7385 654.239
0.739 652.756
0.7395 651.271
0.74 649.781
0.7405 648.288
0.741 646.791
0.7415 645.291
0.742 643.787
0.7425 642.28
0.743 640.769
0.7435 639.254
0.744 637.736
0.7445 636.214
0.745 634.688
0.7455 633.159
0.746 631.626
0.7465 630.089
0.747 628.549
0.7475 627.006
0.748 625.458
0.7485 623.907
0.749 622.352
0.7495 620.794
0.75 619.232
0.7505 617.666
0.751 616.097
0.7515 614.524
0.752 612.947
0.7525 611.367
0.753 609.783
0.7535 608.195
0.754 606.603
0.7545 605.008
0.755 603.41
0.7555 601.807
0.756 600.201
0.7565 598.591
0.757 596.977
0.7575 595.36
0.758 593.739
0.7585 592.114
0.759 590.485
0.7595 588.853
0.76 587.217
0.7605 585.578
0.761 583.934
0.7615 582.287
0.762 580.636
0.7625 578.981
0.763 577.323
0.7635 575.661
0.764 573.995
0.7645 572.325
0.765 570.652
0.7655 568.974
0.766 567.293
0.7665 565.608
0.767 563.92
0.7675 562.228
0.768 560.531
0.7685 558.831
0.769 557.128
0.7695 555.42
0.77 553.709
0.7705 551.994
0.771 550.275
0.7715 548.552
0.772 546.825
0.7725 545.095
0.773 543.361
0.7735 541.622
0.774 539.881
0.7745 538.135
0.775 536.385
0.7755 534.632
0.776 532.874
0.7765 531.113
0.777 529.348
0.7775 527.579
0.778 525.807
0.7785 524.03
0.779 522.25
0.7795 520.465
0.78 518.677
0.7805 516.885
0.781 515.089
0.7815 513.289
0.782 511.485
0.7825 509.677
0.783 507.866
0.7835 506.05
0.784 504.231
0.7845 502.408
0.785 500.58
0.7855 498.749
0.786 496.914
0.7865 495.075
0.787 493.232
0.7875 491.385
0.788 489.534
0.7885 487.679
0.789 485.82
0.7895 483.958
0.79 482.091
0.7905 480.22
0.791 478.346
0.7915 476.467
0.792 474.585
0.7925 472.698
0.793 470.807
0.7935 468.913
0.794 467.014
0.7945 465.112
0.795 463.205
0.7955 461.295
0.796 459.38
0.7965 457.462
0.797 455.539
0.7975 453.612
0.798 451.682
0.7985 449.747
0.799 447.808
0.7995 445.865
0.8 443.919
0.8005 441.968
0.801 440.013
0.8015 438.054
0.802 436.091
0.8025 434.124
0.803 432.153
0.8035 430.177
0.804 428.198
0.8045 426.215
0.805 424.227
0.8055 422.235
0.806 420.24
0.8065 418.24
0.807 416.236
0.8075 414.228
0.808 412.216
0.8085 410.2
0.809 408.179
0.8095 406.155
0.81 404.126
0.8105 402.093
0.811 400.056
0.8115 398.015
0.812 395.97
0.8125 393.921
0.813 391.867
0.8135 389.809
0.814 387.748
0.8145 385.682
0.815 383.611
0.8155 381.537
0.816 379.458
0.8165 377.375
0.817 375.288
0.8175 373.197
0.818 371.102
0.8185 369.002
0.819 366.898
0.8195 364.79
0.82 362.678
0.8205 360.562
0.821 358.441
0.8215 356.316
0.822 354.187
0.8225 352.053
0.823 349.915
0.8235 347.773
0.824 345.627
0.8245 343.477
0.825 341.322
0.8255 339.163
0.826 336.999
0.8265 334.832
0.827 332.66
0.8275 330.484
0.828 328.303
0.8285 326.118
0.829 323.929
0.8295 321.736
0.83 319.538
0.8305 317.336
0.831 315.129
0.8315 312.918
0.832 310.703
0.8325 308.484
0.833 306.26
0.8335 304.032
0.834 301.799
0.8345 299.562
0.835 297.321
0.8355 295.075
0.836 292.825
0.8365 290.57
0.837 288.312
0.8375 286.048
0.838 283.781
0.8385 281.509
0.839 279.232
0.8395 276.951
0.84 274.666
0.8405 272.376
0.841 270.082
0.8415 267.783
0.842 265.48
0.8425 263.172
0.843 260.86
0.8435 258.544
0.844 256.223
0.8445 253.897
0.845 251.567
0.8455 249.233
0.846 246.894
0.8465 244.551
0.847 242.203
0.8475 239.85
0.848 237.493
0.8485 235.132
0.849 232.766
0.8495 230.395
0.85 228.02
0.8505 225.641
0.851 223.256
0.8515 220.868
0.852 218.474
0.8525 216.076
0.853 213.674
0.8535 211.267
0.854 208.855
0.8545 206.439
0.855 204.018
0.8555 201.593
0.856 199.163
0.8565 196.728
0.857 194.289
0.8575 191.845
0.858 189.396
0.8585 186.943
0.859 184.485
0.8595 182.023
0.86 179.556
0.8605 177.084
0.861 174.607
0.8615 172.126
0.862 169.64
0.8625 167.149
0.863 164.654
0.8635 162.154
0.864 159.649
0.8645 157.14
0.865 154.626
0.8655 152.107
0.866 149.583
0.8665 147.054
0.867 144.521
0.8675 141.983
0.868 139.44
0.8685 136.893
0.869 134.34
0.8695 131.783
0.87 129.221
0.8705 126.655
0.871 124.083
0.8715 121.507
0.872 118.925
0.8725 116.339
0.873 113.748
0.8735 111.152
0.874 108.552
0.8745 105.946
0.875 103.336
0.8755 100.72
0.876 98.0999
0.8765 95.4747
0.877 92.8446
0.8775 90.2096
0.878 87.5696
0.8785 84.9247
0.879 82.2749
0.8795 79.62
0.88 76.9602
0.8805 74.2954
0.881 71.6256
0.8815 68.9509
0.882 66.2711
0.8825 63.5863
0.883 60.8964
0.8835 58.2016
0.884 55.5017
0.8845 52.7967
0.885 50.0866
0.8855 47.3715
0.886 44.6513
0.8865 41.926
0.887 39.1956
0.8875 36.4601
0.888 33.7194
0.8885 30.9737
0.889 28.2227
0.8895 25.4666
0.89 22.7054
0.8905 19.9389
0.891 17.1673
0.8915 14.3904
0.892 11.6084
0.8925 8.82107
0.893 6.02855
0.8935 3.23078
0.894 0.427746
0.8945 -2.38056
0.895 -5.19414
0.8955 -8.01295
0.896 -10.8366
0.8965 -13.662
0.897 -16.4682
0.8975 -19.1194
0.898 -21.0573
0.8985 -21.7891
0.899 -21.9373
0.8995 -21.9688
0.9 -21.9831
0.9005 -21.9949
0.901 -22.0065
0.9015 -22.018
0.902 -22.0296
0.9025 -22.0412
0.903 -22.0528
0.9035 -22.0645
0.904 -22.0763
0.9045 -22.088
0.905 -22.0998
0.9055 -22.1117
0.906 -22.1235
0.9065 -22.1355
0.907 -22.1474
0.9075 -22.1594
0.908 -22.1715
0.9085 -22.1836
0.909 -22.1957
0.9095 -22.2079
0.91 -22.2201
0.9105 -22.2323
0.911 -22.2446
0.9115 -22.257
0.912 -22.2694
0.9125 -22.2818
0.913 -22.2943
0.9135 -22.3068
0.914 -22.3194
0.9145 -22.332
0.915 -22.3447
0.9155 -22.3574
0.916 -22.3702
0.9165 -22.383
0.917 -22.3959
0.9175 -22.4088
0.918 -22.4218
0.9185 -22.4348
0.919 -22.4479
0.9195 -22.461
0.92 -22.4742
0.9205 -22.4874
0.921 -22.5007
0.9215 -22.514
0.922 -22.5274
0.9225 -22.5408
0.923 -22.5544
0.9235 -22.5679
0.924 -22.5815
0.9245 -22.5952
0.925 -22.6089
0.9255 -22.6227
0.926 -22.6366
0.9265 -22.6505
0.927 -22.6645
0.9275 -22.6785
0.928 -22.6926
0.9285 -22.7067
0.929 -22.721
0.9295 -22.7352
0.93 -22.7496
0.9305 -22.764
0.931 -22.7785
0.9315 -22.793
0.932 -22.8077
0.9325 -22.8223
0.933 -22.8371
0.9335 -22.8519
0.934 -22.8668
0.9345 -22.8818
0.935 -22.8968
0.9355 -22.9119
0.936 -22.9271
0.9365 -22.9424
0.937 -22.9577
0.9375 -22.9731
0.938 -22.9886
0.9385 -23.0042
0.939 -23.0198
0.9395 -23.0356
0.94 -23.0514
0.9405 -23.0673
0.941 -23.0832
0.9415 -23.0993
0.942 -23.1155
0.9425 -23.1317
0.943 -23.148
0.9435 -23.1644
0.944 -23.1809
0.9445 -23.1975
0.945 -23.2142
0.9455 -23.231
0.946 -23.2478
0.9465 -23.2648
0.947 -23.2819
0.9475 -23.299
0.948 -23.3163
0.9485 -23.3337
0.949 -23.3511
0.9495 -23.3687
0.95 -23.3864
0.9505 -23.4041
0.951 -23.422
0.9515 -23.44
0.952 -23.4581
0.9525 -23.4764
0.953 -23.4947
0.9535 -23.5132
0.954 -23.5317
0.9545 -23.5504
0.955 -23.5692
0.9555 -23.5882
0.956 -23.6072
0.9565 -23.6264
0.957 -23.6457
0.9575 -23.6652
0.958 -23.6848
0.9585 -23.7045
0.959 -23.7243
0.9595 -23.7443
0.96 -23.7645
0.9605 -23.7848
0.961 -23.8052
0.9615 -23.8258
0.962 -23.8465
0.9625 -23.8674
0.963 -23.8884
0.9635 -23.9096
0.964 -23.931
0.9645 -23.9525
0.965 -23.9742
0.9655 -23.9961
0.966 -24.0181
0.9665 -24.0403
0.967 -24.0628
0.9675 -24.0853
0.968 -24.1081
0.9685 -24.1311
0.969 -24.1543
0.9695 -24.1776
0.97 -24.2012
0.9705 -24.225
0.971 -24.2489
0.9715 -24.2732
0.972 -24.2976
0.9725 -24.3222
0.973 -24.3471
0.9735 -24.3722
0.974 -24.3976
0.9745 -24.4232
0.975 -24.4491
0.9755 -24.4752
0.976 -24.5016
0.9765 -24.5282
0.977 -24.5551
0.9775 -24.5823
0.978 -24.6099
0.9785 -24.6377
0.979 -24.6658
0.9795 -24.6942
0.98 -24.7229
0.9805 -24.752
0.981 -24.7814
0.9815 -24.8112
0.982 -24.8413
0.9825 -24.8718
0.983 -24.9026
0.9835 -24.9339
0.984 -24.9656
0.9845 -24.9976
0.985 -25.0301
0.9855 -25.0631
0.986 -25.0965
0.9865 -25.1303
0.987 -25.1647
0.9875 -25.1995
0.988 -25.2349
0.9885 -25.2708
0.989 -25.3073
0.9895 -25.3443
0.99 -25.382
0.9905 -25.4202
0.991 -25.4591
0.9915 -25.4987
0.992 -25.539
0.9925 -25.58
0.993 -25.6218
0.9935 -25.6643
0.994 -25.7077
0.9945 -25.752
0.995 -25.7972
0.9955 -25.8433
0.996 -25.8904
0.9965 -25.9386
0.997 -25.9879
0.9975 -26.0383
0.998 -26.09
0.9985 -26.143
0.999 -26.1974
0.9995 -26.2532
1 -inf
------------
