k:992_n:1984_sigma:32_iters:3
Printing log2 count distribution: 
0 -inf
0.000504032 -34.6503
0.00100806 -34.6374
0.0015121 -34.6244
0.00201613 -34.6114
0.00252016 -34.5984
0.00302419 -34.5853
0.00352823 -34.5723
0.00403226 -34.5592
0.00453629 -34.546
0.00504032 -34.5328
0.00554435 -34.5196
0.00604839 -34.5064
0.00655242 -34.4931
0.00705645 -34.4798
0.00756048 -34.4665
0.00806452 -34.4532
0.00856855 -34.4398
0.00907258 -34.4263
0.00957661 -34.4129
0.0100806 -34.3994
0.0105847 -34.3859
0.0110887 -34.3723
0.0115927 -34.3587
0.0120968 -34.3451
0.0126008 -34.3314
0.0131048 -34.3178
0.0136089 -34.304
0.0141129 -34.2903
0.0146169 -34.2765
0.015121 -34.2627
0.015625 -34.2488
0.016129 -34.235
0.0166331 -34.221
0.0171371 -34.2071
0.0176411 -34.1931
0.0181452 -34.1791
0.0186492 -34.165
0.0191532 -34.1509
0.0196573 -34.1368
0.0201613 -34.1227
0.0206653 -34.1085
0.0211694 -34.0942
0.0216734 -34.08
0.0221774 -34.0657
0.0226815 -34.0514
0.0231855 -34.037
0.0236895 -34.0226
0.0241935 -34.0082
0.0246976 -33.9937
0.0252016 -33.9792
0.0257056 -33.9647
0.0262097 -33.9501
0.0267137 -33.9355
0.0272177 -33.9208
0.0277218 -33.9061
0.0282258 -33.8914
0.0287298 -33.8767
0.0292339 -33.8619
0.0297379 -33.847
0.0302419 -33.8322
0.030746 -33.8173
0.03125 -33.8023
0.031754 -33.7873
0.0322581 -33.7723
0.0327621 -33.7573
0.0332661 -33.7422
0.0337702 -33.7271
0.0342742 -33.7119
0.0347782 -33.6967
0.0352823 -33.6815
0.0357863 -33.6662
0.0362903 -33.6509
0.0367944 -33.6355
0.0372984 -33.6201
0.0378024 -33.6047
0.0383065 -33.5892
0.0388105 -33.5737
0.0393145 -33.5582
0.0398185 -33.5426
0.0403226 -33.527
0.0408266 -33.5113
0.0413306 -33.4956
0.0418347 -33.4798
0.0423387 -33.4641
0.0428427 -33.4482
0.0433468 -33.4324
0.0438508 -33.4165
0.0443548 -33.4005
0.0448589 -33.3846
0.0453629 -33.3685
0.0458669 -33.3525
0.046371 -33.3364
0.046875 -33.3202
0.047379 -33.304
0.0478831 -33.2878
0.0483871 -33.2715
0.0488911 -33.2552
0.0493952 -33.2389
0.0498992 -33.2225
0.0504032 -33.2061
0.0509073 -33.1896
0.0514113 -33.1731
0.0519153 -33.1565
0.0524194 -33.1399
0.0529234 -33.1233
0.0534274 -33.1066
0.0539315 -33.0898
0.0544355 -33.0731
0.0549395 -33.0562
0.0554435 -33.0394
0.0559476 -33.0225
0.0564516 -33.0055
0.0569556 -32.9885
0.0574597 -32.9715
0.0579637 -32.9544
0.0584677 -32.9373
0.0589718 -32.9202
0.0594758 -32.9029
0.0599798 -32.8857
0.0604839 -32.8684
0.0609879 -32.851
0.0614919 -32.8337
0.061996 -32.8162
0.0625 -32.7987
0.063004 -32.7812
0.0635081 -32.7637
0.0640121 -32.746
0.0645161 -32.7284
0.0650202 -32.7107
0.0655242 -32.6929
0.0660282 -32.6751
0.0665323 -32.6573
0.0670363 -32.6394
0.0675403 -32.6214
0.0680444 -32.6035
0.0685484 -32.5854
0.0690524 -32.5673
0.0695565 -32.5492
0.0700605 -32.531
0.0705645 -32.5128
0.0710685 -32.4946
0.0715726 -32.4762
0.0720766 -32.4579
0.0725806 -32.4395
0.0730847 -32.421
0.0735887 -32.4025
0.0740927 -32.3839
0.0745968 -32.3653
0.0751008 -32.3466
0.0756048 -32.3279
0.0761089 -32.3092
0.0766129 -32.2904
0.0771169 -32.2715
0.077621 -32.2526
0.078125 -32.2337
0.078629 -32.2146
0.0791331 -32.1956
0.0796371 -32.1765
0.0801411 -32.1573
0.0806452 -32.1381
0.0811492 -32.1188
0.0816532 -32.0995
0.0821573 -32.0802
0.0826613 -32.0608
0.0831653 -32.0413
0.0836694 -32.0218
0.0841734 -32.0022
0.0846774 -31.9826
0.0851815 -31.9629
0.0856855 -31.9432
0.0861895 -31.9234
0.0866935 -31.9035
0.0871976 -31.8836
0.0877016 -31.8637
0.0882056 -31.8437
0.0887097 -31.8237
0.0892137 -31.8035
0.0897177 -31.7834
0.0902218 -31.7632
0.0907258 -31.7429
0.0912298 -31.7226
0.0917339 -31.7022
0.0922379 -31.6818
0.0927419 -31.6613
0.093246 -31.6407
0.09375 -31.6201
0.094254 -31.5995
0.0947581 -31.5788
0.0952621 -31.558
0.0957661 -31.5372
0.0962702 -31.5163
0.0967742 -31.4953
0.0972782 -31.4744
0.0977823 -31.4533
0.0982863 -31.4322
0.0987903 -31.411
0.0992944 -31.3898
0.0997984 -31.3685
0.100302 -31.3472
0.100806 -31.3258
0.10131 -31.3043
0.101815 -31.2826
0.102319 -31.2603
0.102823 -31.2344
0.103327 -31.1881
0.103831 -31.0287
0.104335 -30.3793
0.104839 -28.7085
0.105343 -26.3173
0.105847 -23.7145
0.106351 -21.0615
0.106855 -18.3893
0.107359 -15.7036
0.107863 -13.0058
0.108367 -10.2969
0.108871 -7.57731
0.109375 -4.84783
0.109879 -2.10905
0.110383 0.638388
0.110887 3.39386
0.111391 6.15675
0.111895 8.92645
0.112399 11.7023
0.112903 14.4838
0.113407 17.2703
0.113911 20.0613
0.114415 22.8561
0.114919 25.6542
0.115423 28.4551
0.115927 31.2582
0.116431 34.0632
0.116935 36.8693
0.11744 39.6763
0.117944 42.4837
0.118448 45.2909
0.118952 48.0977
0.119456 50.9035
0.11996 53.7081
0.120464 56.5111
0.120968 59.3122
0.121472 62.111
0.121976 64.9072
0.12248 67.7006
0.122984 70.4909
0.123488 73.2779
0.123992 76.0613
0.124496 78.8409
0.125 81.6166
0.125504 84.3882
0.126008 87.1554
0.126512 89.9182
0.127016 92.6765
0.12752 95.4299
0.128024 98.1786
0.128528 100.922
0.129032 103.661
0.129536 106.394
0.13004 109.123
0.130544 111.846
0.131048 114.563
0.131552 117.276
0.132056 119.982
0.13256 122.684
0.133065 125.379
0.133569 128.069
0.134073 130.754
0.134577 133.432
0.135081 136.106
0.135585 138.773
0.136089 141.434
0.136593 144.09
0.137097 146.74
0.137601 149.385
0.138105 152.023
0.138609 154.656
0.139113 157.283
0.139617 159.904
0.140121 162.519
0.140625 165.129
0.141129 167.733
0.141633 170.331
0.142137 172.923
0.142641 175.509
0.143145 178.09
0.143649 180.664
0.144153 183.233
0.144657 185.797
0.145161 188.354
0.145665 190.906
0.146169 193.452
0.146673 195.992
0.147177 198.527
0.147681 201.055
0.148185 203.579
0.14869 206.096
0.149194 208.608
0.149698 211.114
0.150202 213.614
0.150706 216.109
0.15121 218.598
0.151714 221.082
0.152218 223.56
0.152722 226.032
0.153226 228.499
0.15373 230.96
0.154234 233.416
0.154738 235.866
0.155242 238.31
0.155746 240.749
0.15625 243.183
0.156754 245.611
0.157258 248.033
0.157762 250.451
0.158266 252.862
0.15877 255.268
0.159274 257.669
0.159778 260.065
0.160282 262.455
0.160786 264.839
0.16129 267.219
0.161794 269.592
0.162298 271.961
0.162802 274.324
0.163306 276.682
0.16381 279.035
0.164315 281.382
0.164819 283.724
0.165323 286.061
0.165827 288.392
0.166331 290.718
0.166835 293.039
0.167339 295.355
0.167843 297.666
0.168347 299.971
0.168851 302.271
0.169355 304.566
0.169859 306.856
0.170363 309.141
0.170867 311.42
0.171371 313.695
0.171875 315.964
0.172379 318.228
0.172883 320.488
0.173387 322.742
0.173891 324.991
0.174395 327.235
0.174899 329.473
0.175403 331.707
0.175907 333.936
0.176411 336.16
0.176915 338.379
0.177419 340.593
0.177923 342.802
0.178427 345.006
0.178931 347.205
0.179435 349.399
0.17994 351.588
0.180444 353.772
0.180948 355.951
0.181452 358.125
0.181956 360.295
0.18246 362.459
0.182964 364.619
0.183468 366.774
0.183972 368.924
0.184476 371.069
0.18498 373.21
0.185484 375.345
0.185988 377.476
0.186492 379.602
0.186996 381.723
0.1875 383.839
0.188004 385.951
0.188508 388.058
0.189012 390.16
0.189516 392.257
0.19002 394.35
0.190524 396.438
0.191028 398.521
0.191532 400.599
0.192036 402.673
0.19254 404.742
0.193044 406.807
0.193548 408.867
0.194052 410.922
0.194556 412.972
0.19506 415.018
0.195565 417.059
0.196069 419.096
0.196573 421.128
0.197077 423.155
0.197581 425.178
0.198085 427.196
0.198589 429.21
0.199093 431.219
0.199597 433.224
0.200101 435.224
0.200605 437.219
0.201109 439.21
0.201613 441.197
0.202117 443.178
0.202621 445.156
0.203125 447.129
0.203629 449.097
0.204133 451.061
0.204637 453.021
0.205141 454.976
0.205645 456.926
0.206149 458.872
0.206653 460.814
0.207157 462.751
0.207661 464.684
0.208165 466.612
0.208669 468.536
0.209173 470.456
0.209677 472.371
0.210181 474.282
0.210685 476.188
0.21119 478.09
0.211694 479.988
0.212198 481.881
0.212702 483.77
0.213206 485.655
0.21371 487.535
0.214214 489.411
0.214718 491.283
0.215222 493.15
0.215726 495.014
0.21623 496.872
0.216734 498.727
0.217238 500.577
0.217742 502.423
0.218246 504.265
0.21875 506.102
0.219254 507.935
0.219758 509.764
0.220262 511.589
0.220766 513.409
0.22127 515.226
0.221774 517.038
0.222278 518.846
0.222782 520.649
0.223286 522.449
0.22379 524.244
0.224294 526.035
0.224798 527.822
0.225302 529.604
0.225806 531.383
0.22631 533.157
0.226815 534.928
0.227319 536.694
0.227823 538.456
0.228327 540.214
0.228831 541.967
0.229335 543.717
0.229839 545.462
0.230343 547.204
0.230847 548.941
0.231351 550.674
0.231855 552.403
0.232359 554.128
0.232863 555.849
0.233367 557.566
0.233871 559.279
0.234375 560.988
0.234879 562.692
0.235383 564.393
0.235887 566.09
0.236391 567.782
0.236895 569.471
0.237399 571.155
0.237903 572.836
0.238407 574.513
0.238911 576.185
0.239415 577.854
0.239919 579.518
0.240423 581.179
0.240927 582.835
0.241431 584.488
0.241935 586.137
0.24244 587.781
0.242944 589.422
0.243448 591.059
0.243952 592.692
0.244456 594.321
0.24496 595.946
0.245464 597.567
0.245968 599.184
0.246472 600.797
0.246976 602.406
0.24748 604.012
0.247984 605.613
0.248488 607.211
0.248992 608.804
0.249496 610.394
0.25 611.98
0.250504 613.562
0.251008 615.14
0.251512 616.715
0.252016 618.285
0.25252 619.852
0.253024 621.415
0.253528 622.974
0.254032 624.529
0.254536 626.08
0.25504 627.627
0.255544 629.171
0.256048 630.711
0.256552 632.247
0.257056 633.779
0.25756 635.307
0.258065 636.832
0.258569 638.352
0.259073 639.869
0.259577 641.382
0.260081 642.892
0.260585 644.397
0.261089 645.899
0.261593 647.397
0.262097 648.892
0.262601 650.382
0.263105 651.869
0.263609 653.352
0.264113 654.831
0.264617 656.307
0.265121 657.779
0.265625 659.247
0.266129 660.711
0.266633 662.172
0.267137 663.629
0.267641 665.082
0.268145 666.532
0.268649 667.978
0.269153 669.42
0.269657 670.858
0.270161 672.293
0.270665 673.724
0.271169 675.151
0.271673 676.575
0.272177 677.995
0.272681 679.412
0.273185 680.824
0.27369 682.233
0.274194 683.639
0.274698 685.04
0.275202 686.439
0.275706 687.833
0.27621 689.224
0.276714 690.611
0.277218 691.995
0.277722 693.374
0.278226 694.751
0.27873 696.123
0.279234 697.492
0.279738 698.858
0.280242 700.22
0.280746 701.578
0.28125 702.933
0.281754 704.284
0.282258 705.631
0.282762 706.975
0.283266 708.315
0.28377 709.652
0.284274 710.985
0.284778 712.315
0.285282 713.641
0.285786 714.963
0.28629 716.282
0.286794 717.597
0.287298 718.909
0.287802 720.217
0.288306 721.522
0.28881 722.823
0.289315 724.121
0.289819 725.415
0.290323 726.705
0.290827 727.992
0.291331 729.276
0.291835 730.556
0.292339 731.832
0.292843 733.105
0.293347 734.375
0.293851 735.641
0.294355 736.903
0.294859 738.162
0.295363 739.417
0.295867 740.669
0.296371 741.918
0.296875 743.163
0.297379 744.404
0.297883 745.642
0.298387 746.877
0.298891 748.108
0.299395 749.335
0.299899 750.559
0.300403 751.78
0.300907 752.997
0.301411 754.211
0.301915 755.421
0.302419 756.628
0.302923 757.832
0.303427 759.032
0.303931 760.228
0.304435 761.421
0.30494 762.611
0.305444 763.797
0.305948 764.98
0.306452 766.159
0.306956 767.335
0.30746 768.508
0.307964 769.677
0.308468 770.843
0.308972 772.005
0.309476 773.164
0.30998 774.319
0.310484 775.472
0.310988 776.62
0.311492 777.766
0.311996 778.908
0.3125 780.046
0.313004 781.181
0.313508 782.313
0.314012 783.442
0.314516 784.567
0.31502 785.688
0.315524 786.807
0.316028 787.921
0.316532 789.033
0.317036 790.141
0.31754 791.246
0.318044 792.348
0.318548 793.446
0.319052 794.541
0.319556 795.632
0.32006 796.72
0.320565 797.805
0.321069 798.887
0.321573 799.965
0.322077 801.039
0.322581 802.111
0.323085 803.179
0.323589 804.244
0.324093 805.305
0.324597 806.364
0.325101 807.418
0.325605 808.47
0.326109 809.518
0.326613 810.563
0.327117 811.605
0.327621 812.643
0.328125 813.678
0.328629 814.71
0.329133 815.738
0.329637 816.763
0.330141 817.785
0.330645 818.804
0.331149 819.819
0.331653 820.831
0.332157 821.84
0.332661 822.845
0.333165 823.848
0.333669 824.846
0.334173 825.842
0.334677 826.834
0.335181 827.824
0.335685 828.809
0.33619 829.792
0.336694 830.771
0.337198 831.747
0.337702 832.72
0.338206 833.69
0.33871 834.656
0.339214 835.619
0.339718 836.579
0.340222 837.536
0.340726 838.489
0.34123 839.439
0.341734 840.386
0.342238 841.33
0.342742 842.27
0.343246 843.207
0.34375 844.141
0.344254 845.072
0.344758 846
0.345262 846.924
0.345766 847.845
0.34627 848.763
0.346774 849.678
0.347278 850.589
0.347782 851.498
0.348286 852.403
0.34879 853.305
0.349294 854.203
0.349798 855.099
0.350302 855.991
0.350806 856.88
0.35131 857.766
0.351815 858.649
0.352319 859.528
0.352823 860.405
0.353327 861.278
0.353831 862.148
0.354335 863.015
0.354839 863.878
0.355343 864.739
0.355847 865.596
0.356351 866.45
0.356855 867.301
0.357359 868.149
0.357863 868.993
0.358367 869.835
0.358871 870.673
0.359375 871.508
0.359879 872.34
0.360383 873.169
0.360887 873.995
0.361391 874.817
0.361895 875.636
0.362399 876.453
0.362903 877.266
0.363407 878.076
0.363911 878.882
0.364415 879.686
0.364919 880.487
0.365423 881.284
0.365927 882.078
0.366431 882.869
0.366935 883.657
0.36744 884.442
0.367944 885.224
0.368448 886.002
0.368952 886.778
0.369456 887.55
0.36996 888.319
0.370464 889.086
0.370968 889.849
0.371472 890.608
0.371976 891.365
0.37248 892.119
0.372984 892.869
0.373488 893.617
0.373992 894.361
0.374496 895.102
0.375 895.841
0.375504 896.576
0.376008 897.308
0.376512 898.036
0.377016 898.762
0.37752 899.485
0.378024 900.204
0.378528 900.921
0.379032 901.634
0.379536 902.344
0.38004 903.052
0.380544 903.756
0.381048 904.457
0.381552 905.155
0.382056 905.85
0.38256 906.541
0.383065 907.23
0.383569 907.916
0.384073 908.598
0.384577 909.278
0.385081 909.954
0.385585 910.627
0.386089 911.298
0.386593 911.965
0.387097 912.629
0.387601 913.29
0.388105 913.948
0.388609 914.603
0.389113 915.255
0.389617 915.904
0.390121 916.55
0.390625 917.193
0.391129 917.832
0.391633 918.469
0.392137 919.102
0.392641 919.733
0.393145 920.36
0.393649 920.985
0.394153 921.606
0.394657 922.225
0.395161 922.84
0.395665 923.452
0.396169 924.061
0.396673 924.668
0.397177 925.271
0.397681 925.871
0.398185 926.468
0.39869 927.062
0.399194 927.653
0.399698 928.241
0.400202 928.826
0.400706 929.408
0.40121 929.987
0.401714 930.563
0.402218 931.136
0.402722 931.705
0.403226 932.272
0.40373 932.836
0.404234 933.397
0.404738 933.955
0.405242 934.509
0.405746 935.061
0.40625 935.61
0.406754 936.155
0.407258 936.698
0.407762 937.238
0.408266 937.774
0.40877 938.308
0.409274 938.839
0.409778 939.366
0.410282 939.891
0.410786 940.413
0.41129 940.931
0.411794 941.447
0.412298 941.96
0.412802 942.469
0.413306 942.976
0.41381 943.48
0.414315 943.98
0.414819 944.478
0.415323 944.972
0.415827 945.464
0.416331 945.953
0.416835 946.438
0.417339 946.921
0.417843 947.401
0.418347 947.878
0.418851 948.351
0.419355 948.822
0.419859 949.29
0.420363 949.755
0.420867 950.216
0.421371 950.675
0.421875 951.131
0.422379 951.584
0.422883 952.034
0.423387 952.481
0.423891 952.924
0.424395 953.365
0.424899 953.803
0.425403 954.238
0.425907 954.67
0.426411 955.099
0.426915 955.525
0.427419 955.949
0.427923 956.369
0.428427 956.786
0.428931 957.2
0.429435 957.611
0.42994 958.019
0.430444 958.425
0.430948 958.827
0.431452 959.226
0.431956 959.623
0.43246 960.016
0.432964 960.407
0.433468 960.794
0.433972 961.179
0.434476 961.56
0.43498 961.939
0.435484 962.315
0.435988 962.688
0.436492 963.057
0.436996 963.424
0.4375 963.788
0.438004 964.149
0.438508 964.507
0.439012 964.862
0.439516 965.214
0.44002 965.563
0.440524 965.909
0.441028 966.252
0.441532 966.593
0.442036 966.93
0.44254 967.264
0.443044 967.596
0.443548 967.924
0.444052 968.25
0.444556 968.572
0.44506 968.892
0.445565 969.209
0.446069 969.522
0.446573 969.833
0.447077 970.141
0.447581 970.446
0.448085 970.748
0.448589 971.047
0.449093 971.343
0.449597 971.636
0.450101 971.927
0.450605 972.214
0.451109 972.498
0.451613 972.78
0.452117 973.058
0.452621 973.334
0.453125 973.606
0.453629 973.876
0.454133 974.143
0.454637 974.407
0.455141 974.668
0.455645 974.926
0.456149 975.181
0.456653 975.433
0.457157 975.682
0.457661 975.928
0.458165 976.171
0.458669 976.412
0.459173 976.649
0.459677 976.884
0.460181 977.115
0.460685 977.344
0.46119 977.57
0.461694 977.793
0.462198 978.013
0.462702 978.23
0.463206 978.444
0.46371 978.655
0.464214 978.863
0.464718 979.068
0.465222 979.271
0.465726 979.47
0.46623 979.667
0.466734 979.86
0.467238 980.051
0.467742 980.239
0.468246 980.424
0.46875 980.606
0.469254 980.785
0.469758 980.961
0.470262 981.134
0.470766 981.304
0.47127 981.472
0.471774 981.636
0.472278 981.798
0.472782 981.956
0.473286 982.112
0.47379 982.265
0.474294 982.415
0.474798 982.561
0.475302 982.705
0.475806 982.847
0.47631 982.985
0.476815 983.12
0.477319 983.252
0.477823 983.382
0.478327 983.508
0.478831 983.632
0.479335 983.753
0.479839 983.871
0.480343 983.985
0.480847 984.097
0.481351 984.207
0.481855 984.313
0.482359 984.416
0.482863 984.516
0.483367 984.614
0.483871 984.708
0.484375 984.8
0.484879 984.889
0.485383 984.974
0.485887 985.057
0.486391 985.137
0.486895 985.214
0.487399 985.288
0.487903 985.36
0.488407 985.428
0.488911 985.493
0.489415 985.556
0.489919 985.615
0.490423 985.672
0.490927 985.726
0.491431 985.777
0.491935 985.825
0.49244 985.87
0.492944 985.912
0.493448 985.951
0.493952 985.988
0.494456 986.021
0.49496 986.052
0.495464 986.079
0.495968 986.104
0.496472 986.126
0.496976 986.145
0.49748 986.161
0.497984 986.174
0.498488 986.184
0.498992 986.191
0.499496 986.196
0.5 986.197
0.500504 986.196
0.501008 986.191
0.501512 986.184
0.502016 986.174
0.50252 986.161
0.503024 986.145
0.503528 986.126
0.504032 986.104
0.504536 986.079
0.50504 986.052
0.505544 986.021
0.506048 985.988
0.506552 985.951
0.507056 985.912
0.50756 985.87
0.508065 985.825
0.508569 985.777
0.509073 985.726
0.509577 985.672
0.510081 985.615
0.510585 985.556
0.511089 985.493
0.511593 985.428
0.512097 985.36
0.512601 985.288
0.513105 985.214
0.513609 985.137
0.514113 985.057
0.514617 984.974
0.515121 984.889
0.515625 984.8
0.516129 984.708
0.516633 984.614
0.517137 984.516
0.517641 984.416
0.518145 984.313
0.518649 984.207
0.519153 984.097
0.519657 983.985
0.520161 983.871
0.520665 983.753
0.521169 983.632
0.521673 983.508
0.522177 983.382
0.522681 983.252
0.523185 983.12
0.52369 982.985
0.524194 982.847
0.524698 982.705
0.525202 982.561
0.525706 982.415
0.52621 982.265
0.526714 982.112
0.527218 981.956
0.527722 981.798
0.528226 981.636
0.52873 981.472
0.529234 981.304
0.529738 981.134
0.530242 980.961
0.530746 980.785
0.53125 980.606
0.531754 980.424
0.532258 980.239
0.532762 980.051
0.533266 979.86
0.53377 979.667
0.534274 979.47
0.534778 979.271
0.535282 979.068
0.535786 978.863
0.53629 978.655
0.536794 978.444
0.537298 978.23
0.537802 978.013
0.538306 977.793
0.53881 977.57
0.539315 977.344
0.539819 977.115
0.540323 976.884
0.540827 976.649
0.541331 976.412
0.541835 976.171
0.542339 975.928
0.542843 975.682
0.543347 975.433
0.543851 975.181
0.544355 974.926
0.544859 974.668
0.545363 974.407
0.545867 974.143
0.546371 973.876
0.546875 973.606
0.547379 973.334
0.547883 973.058
0.548387 972.78
0.548891 972.498
0.549395 972.214
0.549899 971.927
0.550403 971.636
0.550907 971.343
0.551411 971.047
0.551915 970.748
0.552419 970.446
0.552923 970.141
0.553427 969.833
0.553931 969.522
0.554435 969.209
0.55494 968.892
0.555444 968.572
0.555948 968.25
0.556452 967.924
0.556956 967.596
0.55746 967.264
0.557964 966.93
0.558468 966.593
0.558972 966.252
0.559476 965.909
0.55998 965.563
0.560484 965.214
0.560988 964.862
0.561492 964.507
0.561996 964.149
0.5625 963.788
0.563004 963.424
0.563508 963.057
0.564012 962.688
0.564516 962.315
0.56502 961.939
0.565524 961.56
0.566028 961.179
0.566532 960.794
0.567036 960.407
0.56754 960.016
0.568044 959.623
0.568548 959.226
0.569052 958.827
0.569556 958.425
0.57006 958.019
0.570565 957.611
0.571069 957.2
0.571573 956.786
0.572077 956.369
0.572581 955.949
0.573085 955.525
0.573589 955.099
0.574093 954.67
0.574597 954.238
0.575101 953.803
0.575605 953.365
0.576109 952.924
0.576613 952.481
0.577117 952.034
0.577621 951.584
0.578125 951.131
0.578629 950.675
0.579133 950.216
0.579637 949.755
0.580141 949.29
0.580645 948.822
0.581149 948.351
0.581653 947.878
0.582157 947.401
0.582661 946.921
0.583165 946.438
0.583669 945.953
0.584173 945.464
0.584677 944.972
0.585181 944.478
0.585685 943.98
0.58619 943.48
0.586694 942.976
0.587198 942.469
0.587702 941.96
0.588206 941.447
0.58871 940.931
0.589214 940.413
0.589718 939.891
0.590222 939.366
0.590726 938.839
0.59123 938.308
0.591734 937.774
0.592238 937.238
0.592742 936.698
0.593246 936.155
0.59375 935.61
0.594254 935.061
0.594758 934.509
0.595262 933.955
0.595766 933.397
0.59627 932.836
0.596774 932.272
0.597278 931.705
0.597782 931.136
0.598286 930.563
0.59879 929.987
0.599294 929.408
0.599798 928.826
0.600302 928.241
0.600806 927.653
0.60131 927.062
0.601815 926.468
0.602319 925.871
0.602823 925.271
0.603327 924.668
0.603831 924.061
0.604335 923.452
0.604839 922.84
0.605343 922.225
0.605847 921.606
0.606351 920.985
0.606855 920.36
0.607359 919.733
0.607863 919.102
0.608367 918.469
0.608871 917.832
0.609375 917.193
0.609879 916.55
0.610383 915.904
0.610887 915.255
0.611391 914.603
0.611895 913.948
0.612399 913.29
0.612903 912.629
0.613407 911.965
0.613911 911.298
0.614415 910.627
0.614919 909.954
0.615423 909.278
0.615927 908.598
0.616431 907.916
0.616935 907.23
0.61744 906.541
0.617944 905.85
0.618448 905.155
0.618952 904.457
0.619456 903.756
0.61996 903.052
0.620464 902.344
0.620968 901.634
0.621472 900.921
0.621976 900.204
0.62248 899.485
0.622984 898.762
0.623488 898.036
0.623992 897.308
0.624496 896.576
0.625 895.841
0.625504 895.102
0.626008 894.361
0.626512 893.617
0.627016 892.869
0.62752 892.119
0.628024 891.365
0.628528 890.608
0.629032 889.849
0.629536 889.086
0.63004 888.319
0.630544 887.55
0.631048 886.778
0.631552 886.002
0.632056 885.224
0.63256 884.442
0.633065 883.657
0.633569 882.869
0.634073 882.078
0.634577 881.284
0.635081 880.487
0.635585 879.686
0.636089 878.882
0.636593 878.076
0.637097 877.266
0.637601 876.453
0.638105 875.636
0.638609 874.817
0.639113 873.995
0.639617 873.169
0.640121 872.34
0.640625 871.508
0.641129 870.673
0.641633 869.835
0.642137 868.993
0.642641 868.149
0.643145 867.301
0.643649 866.45
0.644153 865.596
0.644657 864.739
0.645161 863.878
0.645665 863.015
0.646169 862.148
0.646673 861.278
0.647177 860.405
0.647681 859.528
0.648185 858.649
0.64869 857.766
0.649194 856.88
0.649698 855.991
0.650202 855.099
0.650706 854.203
0.65121 853.305
0.651714 852.403
0.652218 851.498
0.652722 850.589
0.653226 849.678
0.65373 848.763
0.654234 847.845
0.654738 846.924
0.655242 846
0.655746 845.072
0.65625 844.141
0.656754 843.207
0.657258 842.27
0.657762 841.33
0.658266 840.386
0.65877 839.439
0.659274 838.489
0.659778 837.536
0.660282 836.579
0.660786 835.619
0.66129 834.656
0.661794 833.69
0.662298 832.72
0.662802 831.747
0.663306 830.771
0.66381 829.792
0.664315 828.809
0.664819 827.824
0.665323 826.834
0.665827 825.842
0.666331 824.846
0.666835 823.848
0.667339 822.845
0.667843 821.84
0.668347 820.831
0.668851 819.819
0.669355 818.804
0.669859 817.785
0.670363 816.763
0.670867 815.738
0.671371 814.71
0.671875 813.678
0.672379 812.643
0.672883 811.605
0.673387 810.563
0.673891 809.518
0.674395 808.47
0.674899 807.418
0.675403 806.364
0.675907 805.305
0.676411 804.244
0.676915 803.179
0.677419 802.111
0.677923 801.039
0.678427 799.965
0.678931 798.887
0.679435 797.805
0.67994 796.72
0.680444 795.632
0.680948 794.541
0.681452 793.446
0.681956 792.348
0.68246 791.246
0.682964 790.141
0.683468 789.033
0.683972 787.921
0.684476 786.807
0.68498 785.688
0.685484 784.567
0.685988 783.442
0.686492 782.313
0.686996 781.181
0.6875 780.046
0.688004 778.908
0.688508 777.766
0.689012 776.62
0.689516 775.472
0.69002 774.319
0.690524 773.164
0.691028 772.005
0.691532 770.843
0.692036 769.677
0.69254 768.508
0.693044 767.335
0.693548 766.159
0.694052 764.98
0.694556 763.797
0.69506 762.611
0.695565 761.421
0.696069 760.228
0.696573 759.032
0.697077 757.832
0.697581 756.628
0.698085 755.421
0.698589 754.211
0.699093 752.997
0.699597 751.78
0.700101 750.559
0.700605 749.335
0.701109 748.108
0.701613 746.877
0.702117 745.642
0.702621 744.404
0.703125 743.163
0.703629 741.918
0.704133 740.669
0.704637 739.417
0.705141 738.162
0.705645 736.903
0.706149 735.641
0.706653 734.375
0.707157 733.105
0.707661 731.832
0.708165 730.556
0.708669 729.276
0.709173 727.992
0.709677 726.705
0.710181 725.415
0.710685 724.121
0.71119 722.823
0.711694 721.522
0.712198 720.217
0.712702 718.909
0.713206 717.597
0.71371 716.282
0.714214 714.963
0.714718 713.641
0.715222 712.315
0.715726 710.985
0.71623 709.652
0.716734 708.315
0.717238 706.975
0.717742 705.631
0.718246 704.284
0.71875 702.933
0.719254 701.578
0.719758 700.22
0.720262 698.858
0.720766 697.492
0.72127 696.123
0.721774 694.751
0.722278 693.374
0.722782 691.995
0.723286 690.611
0.72379 689.224
0.724294 687.833
0.724798 686.439
0.725302 685.04
0.725806 683.639
0.72631 682.233
0.726815 680.824
0.727319 679.412
0.727823 677.995
0.728327 676.575
0.728831 675.151
0.729335 673.724
0.729839 672.293
0.730343 670.858
0.730847 669.42
0.731351 667.978
0.731855 666.532
0.732359 665.082
0.732863 663.629
0.733367 662.172
0.733871 660.711
0.734375 659.247
0.734879 657.779
0.735383 656.307
0.735887 654.831
0.736391 653.352
0.736895 651.869
0.737399 650.382
0.737903 648.892
0.738407 647.397
0.738911 645.899
0.739415 644.397
0.739919 642.892
0.740423 641.382
0.740927 639.869
0.741431 638.352
0.741935 636.832
0.74244 635.307
0.742944 633.779
0.743448 632.247
0.743952 630.711
0.744456 629.171
0.74496 627.627
0.745464 626.08
0.745968 624.529
0.746472 622.974
0.746976 621.415
0.74748 619.852
0.747984 618.285
0.748488 616.715
0.748992 615.14
0.749496 613.562
0.75 611.98
0.750504 610.394
0.751008 608.804
0.751512 607.211
0.752016 605.613
0.75252 604.012
0.753024 602.406
0.753528 600.797
0.754032 599.184
0.754536 597.567
0.75504 595.946
0.755544 594.321
0.756048 592.692
0.756552 591.059
0.757056 589.422
0.75756 587.781
0.758065 586.137
0.758569 584.488
0.759073 582.835
0.759577 581.179
0.760081 579.518
0.760585 577.854
0.761089 576.185
0.761593 574.513
0.762097 572.836
0.762601 571.155
0.763105 569.471
0.763609 567.782
0.764113 566.09
0.764617 564.393
0.765121 562.692
0.765625 560.988
0.766129 559.279
0.766633 557.566
0.767137 555.849
0.767641 554.128
0.768145 552.403
0.768649 550.674
0.769153 548.941
0.769657 547.204
0.770161 545.462
0.770665 543.717
0.771169 541.967
0.771673 540.214
0.772177 538.456
0.772681 536.694
0.773185 534.928
0.77369 533.157
0.774194 531.383
0.774698 529.604
0.775202 527.822
0.775706 526.035
0.77621 524.244
0.776714 522.449
0.777218 520.649
0.777722 518.846
0.778226 517.038
0.77873 515.226
0.779234 513.409
0.779738 511.589
0.780242 509.764
0.780746 507.935
0.78125 506.102
0.781754 504.265
0.782258 502.423
0.782762 500.577
0.783266 498.727
0.78377 496.872
0.784274 495.014
0.784778 493.15
0.785282 491.283
0.785786 489.411
0.78629 487.535
0.786794 485.655
0.787298 483.77
0.787802 481.881
0.788306 479.988
0.78881 478.09
0.789315 476.188
0.789819 474.282
0.790323 472.371
0.790827 470.456
0.791331 468.536
0.791835 466.612
0.792339 464.684
0.792843 462.751
0.793347 460.814
0.793851 458.872
0.794355 456.926
0.794859 454.976
0.795363 453.021
0.795867 451.061
0.796371 449.097
0.796875 447.129
0.797379 445.156
0.797883 443.178
0.798387 441.197
0.798891 439.21
0.799395 437.219
0.799899 435.224
0.800403 433.224
0.800907 431.219
0.801411 429.21
0.801915 427.196
0.802419 425.178
0.802923 423.155
0.803427 421.128
0.803931 419.096
0.804435 417.059
0.80494 415.018
0.805444 412.972
0.805948 410.922
0.806452 408.867
0.806956 406.807
0.80746 404.742
0.807964 402.673
0.808468 400.599
0.808972 398.521
0.809476 396.438
0.80998 394.35
0.810484 392.257
0.810988 390.16
0.811492 388.058
0.811996 385.951
0.8125 383.839
0.813004 381.723
0.813508 379.602
0.814012 377.476
0.814516 375.345
0.81502 373.21
0.815524 371.069
0.816028 368.924
0.816532 366.774
0.817036 364.619
0.81754 362.459
0.818044 360.295
0.818548 358.125
0.819052 355.951
0.819556 353.772
0.82006 351.588
0.820565 349.399
0.821069 347.204
0.821573 345.006
0.822077 342.802
0.822581 340.593
0.823085 338.379
0.823589 336.16
0.824093 333.936
0.824597 331.707
0.825101 329.473
0.825605 327.235
0.826109 324.991
0.826613 322.742
0.827117 320.488
0.827621 318.228
0.828125 315.964
0.828629 313.695
0.829133 311.42
0.829637 309.141
0.830141 306.856
0.830645 304.566
0.831149 302.271
0.831653 299.971
0.832157 297.666
0.832661 295.355
0.833165 293.039
0.833669 290.718
0.834173 288.392
0.834677 286.061
0.835181 283.724
0.835685 281.382
0.83619 279.035
0.836694 276.682
0.837198 274.324
0.837702 271.961
0.838206 269.592
0.83871 267.219
0.839214 264.839
0.839718 262.455
0.840222 260.065
0.840726 257.669
0.84123 255.268
0.841734 252.862
0.842238 250.45
0.842742 248.033
0.843246 245.611
0.84375 243.183
0.844254 240.749
0.844758 238.31
0.845262 235.866
0.845766 233.415
0.84627 230.96
0.846774 228.499
0.847278 226.032
0.847782 223.559
0.848286 221.081
0.84879 218.598
0.849294 216.109
0.849798 213.614
0.850302 211.113
0.850806 208.607
0.85131 206.096
0.851815 203.578
0.852319 201.055
0.852823 198.526
0.853327 195.992
0.853831 193.451
0.854335 190.905
0.854839 188.354
0.855343 185.796
0.855847 183.233
0.856351 180.664
0.856855 178.089
0.857359 175.508
0.857863 172.922
0.858367 170.33
0.858871 167.732
0.859375 165.128
0.859879 162.518
0.860383 159.903
0.860887 157.281
0.861391 154.654
0.861895 152.021
0.862399 149.383
0.862903 146.738
0.863407 144.088
0.863911 141.432
0.864415 138.77
0.864919 136.102
0.865423 133.429
0.865927 130.75
0.866431 128.065
0.866935 125.375
0.86744 122.679
0.867944 119.977
0.868448 117.27
0.868952 114.558
0.869456 111.839
0.86996 109.116
0.870464 106.387
0.870968 103.653
0.871472 100.914
0.871976 98.1691
0.87248 95.4197
0.872984 92.6654
0.873488 89.9062
0.873992 87.1424
0.874496 84.3741
0.875 81.6013
0.875504 78.8244
0.876008 76.0433
0.876512 73.2584
0.877016 70.4698
0.87752 67.6778
0.878024 64.8825
0.878528 62.0843
0.879032 59.2834
0.879536 56.48
0.88004 53.6745
0.880544 50.8672
0.881048 48.0585
0.881552 45.2487
0.882056 42.4381
0.88256 39.6273
0.883065 36.8166
0.883569 34.0064
0.884073 31.1973
0.884577 28.3896
0.885081 25.584
0.885585 22.7808
0.886089 19.9807
0.886593 17.1842
0.887097 14.3918
0.887601 11.6041
0.888105 8.8217
0.888609 6.04518
0.889113 3.27514
0.889617 0.512194
0.890121 -2.24304
0.890625 -4.98994
0.891129 -7.72787
0.891633 -10.4562
0.892137 -13.1743
0.892641 -15.8815
0.893145 -18.5772
0.893649 -21.2602
0.894153 -23.9279
0.894657 -26.5664
0.895161 -29.0996
0.895665 -31.1973
0.896169 -32.3009
0.896673 -32.6202
0.897177 -32.7008
0.897681 -32.7353
0.898185 -32.7617
0.89869 -32.7866
0.899194 -32.8112
0.899698 -32.8358
0.900202 -32.8603
0.900706 -32.8847
0.90121 -32.9091
0.901714 -32.9334
0.902218 -32.9577
0.902722 -32.982
0.903226 -33.0061
0.90373 -33.0303
0.904234 -33.0543
0.904738 -33.0784
0.905242 -33.1024
0.905746 -33.1263
0.90625 -33.1502
0.906754 -33.174
0.907258 -33.1978
0.907762 -33.2215
0.908266 -33.2452
0.90877 -33.2689
0.909274 -33.2925
0.909778 -33.316
0.910282 -33.3395
0.910786 -33.363
0.91129 -33.3864
0.911794 -33.4097
0.912298 -33.433
0.912802 -33.4563
0.913306 -33.4795
0.91381 -33.5027
0.914315 -33.5258
0.914819 -33.5489
0.915323 -33.5719
0.915827 -33.5949
0.916331 -33.6179
0.916835 -33.6408
0.917339 -33.6636
0.917843 -33.6864
0.918347 -33.7092
0.918851 -33.7319
0.919355 -33.7546
0.919859 -33.7772
0.920363 -33.7998
0.920867 -33.8224
0.921371 -33.8449
0.921875 -33.8674
0.922379 -33.8898
0.922883 -33.9122
0.923387 -33.9345
0.923891 -33.9568
0.924395 -33.9791
0.924899 -34.0013
0.925403 -34.0234
0.925907 -34.0456
0.926411 -34.0677
0.926915 -34.0897
0.927419 -34.1117
0.927923 -34.1337
0.928427 -34.1556
0.928931 -34.1775
0.929435 -34.1994
0.92994 -34.2212
0.930444 -34.2429
0.930948 -34.2647
0.931452 -34.2864
0.931956 -34.308
0.93246 -34.3296
0.932964 -34.3512
0.933468 -34.3728
0.933972 -34.3943
0.934476 -34.4157
0.93498 -34.4371
0.935484 -34.4585
0.935988 -34.4799
0.936492 -34.5012
0.936996 -34.5225
0.9375 -34.5437
0.938004 -34.5649
0.938508 -34.5861
0.939012 -34.6072
0.939516 -34.6283
0.94002 -34.6494
0.940524 -34.6704
0.941028 -34.6914
0.941532 -34.7124
0.942036 -34.7333
0.94254 -34.7542
0.943044 -34.775
0.943548 -34.7958
0.944052 -34.8166
0.944556 -34.8374
0.94506 -34.8581
0.945565 -34.8788
0.946069 -34.8994
0.946573 -34.92
0.947077 -34.9406
0.947581 -34.9612
0.948085 -34.9817
0.948589 -35.0022
0.949093 -35.0226
0.949597 -35.043
0.950101 -35.0634
0.950605 -35.0838
0.951109 -35.1041
0.951613 -35.1244
0.952117 -35.1447
0.952621 -35.1649
0.953125 -35.1851
0.953629 -35.2053
0.954133 -35.2254
0.954637 -35.2455
0.955141 -35.2656
0.955645 -35.2856
0.956149 -35.3057
0.956653 -35.3257
0.957157 -35.3456
0.957661 -35.3656
0.958165 -35.3855
0.958669 -35.4053
0.959173 -35.4252
0.959677 -35.445
0.960181 -35.4648
0.960685 -35.4845
0.96119 -35.5043
0.961694 -35.524
0.962198 -35.5437
0.962702 -35.5633
0.963206 -35.5829
0.96371 -35.6025
0.964214 -35.6221
0.964718 -35.6416
0.965222 -35.6611
0.965726 -35.6806
0.96623 -35.7001
0.966734 -35.7195
0.967238 -35.739
0.967742 -35.7583
0.968246 -35.7777
0.96875 -35.797
0.969254 -35.8163
0.969758 -35.8356
0.970262 -35.8549
0.970766 -35.8741
0.97127 -35.8933
0.971774 -35.9125
0.972278 -35.9317
0.972782 -35.9508
0.973286 -35.97
0.97379 -35.989
0.974294 -36.0081
0.974798 -36.0272
0.975302 -36.0462
0.975806 -36.0652
0.97631 -36.0842
0.976815 -36.1031
0.977319 -36.1221
0.977823 -36.141
0.978327 -36.1599
0.978831 -36.1787
0.979335 -36.1976
0.979839 -36.2164
0.980343 -36.2352
0.980847 -36.254
0.981351 -36.2728
0.981855 -36.2915
0.982359 -36.3102
0.982863 -36.3289
0.983367 -36.3476
0.983871 -36.3663
0.984375 -36.3849
0.984879 -36.4035
0.985383 -36.4222
0.985887 -36.4407
0.986391 -36.4593
0.986895 -36.4779
0.987399 -36.4964
0.987903 -36.5149
0.988407 -36.5334
0.988911 -36.5519
0.989415 -36.5703
0.989919 -36.5888
0.990423 -36.6072
0.990927 -36.6256
0.991431 -36.644
0.991935 -36.6624
0.99244 -36.6807
0.992944 -36.6991
0.993448 -36.7174
0.993952 -36.7357
0.994456 -36.754
0.99496 -36.7723
0.995464 -36.7905
0.995968 -36.8088
0.996472 -36.827
0.996976 -36.8452
0.99748 -36.8634
0.997984 -36.8816
0.998488 -36.8998
0.998992 -36.9179
0.999496 -36.9361
1 -inf
------------
