k:1024_n:2048_sigma:1_iters:3
Printing log2 count distribution: 
0 -inf
0.000488281 331.438
0.000976562 332.989
0.00146484 334.367
0.00195312 335.633
0.00244141 336.817
0.00292969 337.939
0.00341797 339.013
0.00390625 340.047
0.00439453 341.047
0.00488281 342.018
0.00537109 342.966
0.00585938 343.891
0.00634766 344.799
0.00683594 345.689
0.00732422 346.564
0.0078125 347.426
0.00830078 348.276
0.00878906 349.115
0.00927734 349.943
0.00976562 350.763
0.0102539 351.574
0.0107422 352.377
0.0112305 353.173
0.0117188 353.962
0.012207 354.745
0.0126953 355.522
0.0131836 356.294
0.0136719 357.061
0.0141602 357.824
0.0146484 358.582
0.0151367 359.336
0.015625 360.086
0.0161133 360.833
0.0166016 361.576
0.0170898 362.316
0.0175781 363.053
0.0180664 363.788
0.0185547 364.519
0.019043 365.249
0.0195312 365.976
0.0200195 366.701
0.0205078 367.424
0.0209961 368.145
0.0214844 368.864
0.0219727 369.581
0.0224609 370.297
0.0229492 371.012
0.0234375 371.725
0.0239258 372.436
0.0244141 373.147
0.0249023 373.856
0.0253906 374.565
0.0258789 375.272
0.0263672 375.978
0.0268555 376.684
0.0273438 377.388
0.027832 378.092
0.0283203 378.796
0.0288086 379.498
0.0292969 380.2
0.0297852 380.902
0.0302734 381.603
0.0307617 382.303
0.03125 383.003
0.0317383 383.703
0.0322266 384.402
0.0327148 385.101
0.0332031 385.8
0.0336914 386.499
0.0341797 387.197
0.034668 387.896
0.0351562 388.594
0.0356445 389.292
0.0361328 389.99
0.0366211 390.688
0.0371094 391.386
0.0375977 392.084
0.0380859 392.782
0.0385742 393.48
0.0390625 394.179
0.0395508 394.877
0.0400391 395.576
0.0405273 396.274
0.0410156 396.973
0.0415039 397.672
0.0419922 398.371
0.0424805 399.071
0.0429688 399.77
0.043457 400.47
0.0439453 401.171
0.0444336 401.871
0.0449219 402.572
0.0454102 403.273
0.0458984 403.975
0.0463867 404.677
0.046875 405.379
0.0473633 406.082
0.0478516 406.785
0.0483398 407.488
0.0488281 408.192
0.0493164 408.897
0.0498047 409.602
0.050293 410.307
0.0507812 411.013
0.0512695 411.719
0.0517578 412.425
0.0522461 413.133
0.0527344 413.84
0.0532227 414.548
0.0537109 415.257
0.0541992 415.966
0.0546875 416.676
0.0551758 417.386
0.0556641 418.097
0.0561523 418.809
0.0566406 419.521
0.0571289 420.233
0.0576172 420.946
0.0581055 421.66
0.0585938 422.375
0.059082 423.09
0.0595703 423.805
0.0600586 424.521
0.0605469 425.238
0.0610352 425.955
0.0615234 426.673
0.0620117 427.392
0.0625 428.111
0.0629883 428.831
0.0634766 429.552
0.0639648 430.273
0.0644531 430.995
0.0649414 431.717
0.0654297 432.441
0.065918 433.164
0.0664062 433.889
0.0668945 434.614
0.0673828 435.34
0.0678711 436.066
0.0683594 436.794
0.0688477 437.521
0.0693359 438.25
0.0698242 438.979
0.0703125 439.709
0.0708008 440.44
0.0712891 441.171
0.0717773 441.903
0.0722656 442.636
0.0727539 443.369
0.0732422 444.104
0.0737305 444.838
0.0742188 445.574
0.074707 446.31
0.0751953 447.047
0.0756836 447.785
0.0761719 448.523
0.0766602 449.262
0.0771484 450.002
0.0776367 450.743
0.078125 451.484
0.0786133 452.226
0.0791016 452.969
0.0795898 453.712
0.0800781 454.456
0.0805664 455.201
0.0810547 455.946
0.081543 456.693
0.0820312 457.44
0.0825195 458.187
0.0830078 458.936
0.0834961 459.685
0.0839844 460.435
0.0844727 461.185
0.0849609 461.937
0.0854492 462.689
0.0859375 463.442
0.0864258 464.195
0.0869141 464.949
0.0874023 465.704
0.0878906 466.46
0.0883789 467.216
0.0888672 467.973
0.0893555 468.731
0.0898438 469.49
0.090332 470.249
0.0908203 471.009
0.0913086 471.769
0.0917969 472.531
0.0922852 473.293
0.0927734 474.056
0.0932617 474.819
0.09375 475.584
0.0942383 476.348
0.0947266 477.114
0.0952148 477.881
0.0957031 478.648
0.0961914 479.415
0.0966797 480.184
0.097168 480.953
0.0976562 481.723
0.0981445 482.494
0.0986328 483.265
0.0991211 484.037
0.0996094 484.81
0.100098 485.583
0.100586 486.357
0.101074 487.132
0.101562 487.907
0.102051 488.683
0.102539 489.46
0.103027 490.238
0.103516 491.016
0.104004 491.795
0.104492 492.575
0.10498 493.355
0.105469 494.136
0.105957 494.917
0.106445 495.7
0.106934 496.483
0.107422 497.266
0.10791 498.051
0.108398 498.836
0.108887 499.621
0.109375 500.408
0.109863 501.195
0.110352 501.982
0.11084 502.77
0.111328 503.559
0.111816 504.349
0.112305 505.139
0.112793 505.93
0.113281 506.722
0.11377 507.514
0.114258 508.307
0.114746 509.1
0.115234 509.894
0.115723 510.689
0.116211 511.484
0.116699 512.28
0.117188 513.077
0.117676 513.874
0.118164 514.672
0.118652 515.47
0.119141 516.27
0.119629 517.069
0.120117 517.87
0.120605 518.671
0.121094 519.472
0.121582 520.274
0.12207 521.077
0.122559 521.88
0.123047 522.684
0.123535 523.489
0.124023 524.294
0.124512 525.1
0.125 525.906
0.125488 526.713
0.125977 527.52
0.126465 528.329
0.126953 529.137
0.127441 529.946
0.12793 530.756
0.128418 531.567
0.128906 532.377
0.129395 533.189
0.129883 534.001
0.130371 534.814
0.130859 535.627
0.131348 536.44
0.131836 537.255
0.132324 538.069
0.132812 538.885
0.133301 539.701
0.133789 540.517
0.134277 541.334
0.134766 542.152
0.135254 542.97
0.135742 543.788
0.13623 544.607
0.136719 545.427
0.137207 546.247
0.137695 547.067
0.138184 547.888
0.138672 548.71
0.13916 549.532
0.139648 550.355
0.140137 551.178
0.140625 552.002
0.141113 552.826
0.141602 553.65
0.14209 554.475
0.142578 555.301
0.143066 556.127
0.143555 556.953
0.144043 557.78
0.144531 558.608
0.14502 559.436
0.145508 560.264
0.145996 561.093
0.146484 561.922
0.146973 562.752
0.147461 563.582
0.147949 564.413
0.148438 565.244
0.148926 566.075
0.149414 566.907
0.149902 567.74
0.150391 568.573
0.150879 569.406
0.151367 570.24
0.151855 571.074
0.152344 571.908
0.152832 572.743
0.15332 573.579
0.153809 574.414
0.154297 575.25
0.154785 576.087
0.155273 576.924
0.155762 577.761
0.15625 578.599
0.156738 579.437
0.157227 580.276
0.157715 581.115
0.158203 581.954
0.158691 582.793
0.15918 583.633
0.159668 584.474
0.160156 585.315
0.160645 586.156
0.161133 586.997
0.161621 587.839
0.162109 588.681
0.162598 589.524
0.163086 590.366
0.163574 591.21
0.164062 592.053
0.164551 592.897
0.165039 593.741
0.165527 594.586
0.166016 595.431
0.166504 596.276
0.166992 597.121
0.16748 597.967
0.167969 598.813
0.168457 599.659
0.168945 600.506
0.169434 601.353
0.169922 602.2
0.17041 603.048
0.170898 603.896
0.171387 604.744
0.171875 605.592
0.172363 606.441
0.172852 607.29
0.17334 608.139
0.173828 608.989
0.174316 609.839
0.174805 610.689
0.175293 611.539
0.175781 612.389
0.17627 613.24
0.176758 614.091
0.177246 614.942
0.177734 615.794
0.178223 616.646
0.178711 617.498
0.179199 618.35
0.179688 619.202
0.180176 620.055
0.180664 620.908
0.181152 621.761
0.181641 622.614
0.182129 623.467
0.182617 624.321
0.183105 625.175
0.183594 626.029
0.184082 626.883
0.18457 627.737
0.185059 628.592
0.185547 629.447
0.186035 630.302
0.186523 631.157
0.187012 632.012
0.1875 632.868
0.187988 633.723
0.188477 634.579
0.188965 635.435
0.189453 636.291
0.189941 637.147
0.19043 638.003
0.190918 638.86
0.191406 639.717
0.191895 640.573
0.192383 641.43
0.192871 642.287
0.193359 643.144
0.193848 644.001
0.194336 644.859
0.194824 645.716
0.195312 646.574
0.195801 647.431
0.196289 648.289
0.196777 649.147
0.197266 650.005
0.197754 650.863
0.198242 651.721
0.19873 652.579
0.199219 653.437
0.199707 654.295
0.200195 655.154
0.200684 656.012
0.201172 656.871
0.20166 657.729
0.202148 658.588
0.202637 659.446
0.203125 660.305
0.203613 661.164
0.204102 662.022
0.20459 662.881
0.205078 663.74
0.205566 664.599
0.206055 665.458
0.206543 666.316
0.207031 667.175
0.20752 668.034
0.208008 668.893
0.208496 669.752
0.208984 670.611
0.209473 671.47
0.209961 672.328
0.210449 673.187
0.210938 674.046
0.211426 674.905
0.211914 675.764
0.212402 676.622
0.212891 677.481
0.213379 678.34
0.213867 679.198
0.214355 680.057
0.214844 680.915
0.215332 681.774
0.21582 682.632
0.216309 683.49
0.216797 684.348
0.217285 685.207
0.217773 686.065
0.218262 686.923
0.21875 687.781
0.219238 688.639
0.219727 689.496
0.220215 690.354
0.220703 691.211
0.221191 692.069
0.22168 692.926
0.222168 693.784
0.222656 694.641
0.223145 695.498
0.223633 696.354
0.224121 697.211
0.224609 698.068
0.225098 698.924
0.225586 699.781
0.226074 700.637
0.226562 701.493
0.227051 702.349
0.227539 703.205
0.228027 704.06
0.228516 704.916
0.229004 705.771
0.229492 706.626
0.22998 707.481
0.230469 708.336
0.230957 709.19
0.231445 710.044
0.231934 710.899
0.232422 711.753
0.23291 712.606
0.233398 713.46
0.233887 714.313
0.234375 715.166
0.234863 716.019
0.235352 716.872
0.23584 717.725
0.236328 718.577
0.236816 719.429
0.237305 720.281
0.237793 721.132
0.238281 721.983
0.23877 722.834
0.239258 723.685
0.239746 724.536
0.240234 725.386
0.240723 726.236
0.241211 727.086
0.241699 727.935
0.242188 728.784
0.242676 729.633
0.243164 730.482
0.243652 731.33
0.244141 732.178
0.244629 733.026
0.245117 733.874
0.245605 734.721
0.246094 735.567
0.246582 736.414
0.24707 737.26
0.247559 738.106
0.248047 738.952
0.248535 739.797
0.249023 740.642
0.249512 741.486
0.25 742.33
0.250488 743.174
0.250977 744.018
0.251465 744.861
0.251953 745.704
0.252441 746.546
0.25293 747.388
0.253418 748.23
0.253906 749.071
0.254395 749.912
0.254883 750.752
0.255371 751.592
0.255859 752.432
0.256348 753.271
0.256836 754.11
0.257324 754.949
0.257812 755.787
0.258301 756.624
0.258789 757.462
0.259277 758.299
0.259766 759.135
0.260254 759.971
0.260742 760.806
0.26123 761.641
0.261719 762.476
0.262207 763.31
0.262695 764.144
0.263184 764.977
0.263672 765.81
0.26416 766.642
0.264648 767.474
0.265137 768.306
0.265625 769.137
0.266113 769.967
0.266602 770.797
0.26709 771.626
0.267578 772.455
0.268066 773.284
0.268555 774.112
0.269043 774.939
0.269531 775.766
0.27002 776.592
0.270508 777.418
0.270996 778.243
0.271484 779.068
0.271973 779.892
0.272461 780.716
0.272949 781.539
0.273438 782.362
0.273926 783.184
0.274414 784.005
0.274902 784.826
0.275391 785.647
0.275879 786.466
0.276367 787.286
0.276855 788.104
0.277344 788.922
0.277832 789.74
0.27832 790.556
0.278809 791.373
0.279297 792.188
0.279785 793.003
0.280273 793.818
0.280762 794.632
0.28125 795.445
0.281738 796.257
0.282227 797.069
0.282715 797.88
0.283203 798.691
0.283691 799.501
0.28418 800.31
0.284668 801.119
0.285156 801.927
0.285645 802.734
0.286133 803.541
0.286621 804.347
0.287109 805.152
0.287598 805.957
0.288086 806.761
0.288574 807.564
0.289062 808.367
0.289551 809.169
0.290039 809.97
0.290527 810.77
0.291016 811.57
0.291504 812.369
0.291992 813.167
0.29248 813.965
0.292969 814.762
0.293457 815.558
0.293945 816.353
0.294434 817.148
0.294922 817.941
0.29541 818.735
0.295898 819.527
0.296387 820.318
0.296875 821.109
0.297363 821.899
0.297852 822.688
0.29834 823.477
0.298828 824.265
0.299316 825.051
0.299805 825.837
0.300293 826.623
0.300781 827.407
0.30127 828.191
0.301758 828.974
0.302246 829.756
0.302734 830.537
0.303223 831.317
0.303711 832.097
0.304199 832.875
0.304688 833.653
0.305176 834.43
0.305664 835.206
0.306152 835.981
0.306641 836.756
0.307129 837.529
0.307617 838.302
0.308105 839.074
0.308594 839.844
0.309082 840.614
0.30957 841.383
0.310059 842.152
0.310547 842.919
0.311035 843.685
0.311523 844.451
0.312012 845.215
0.3125 845.979
0.312988 846.741
0.313477 847.503
0.313965 848.264
0.314453 849.024
0.314941 849.783
0.31543 850.54
0.315918 851.297
0.316406 852.053
0.316895 852.808
0.317383 853.563
0.317871 854.316
0.318359 855.068
0.318848 855.819
0.319336 856.569
0.319824 857.318
0.320312 858.066
0.320801 858.813
0.321289 859.559
0.321777 860.304
0.322266 861.048
0.322754 861.791
0.323242 862.533
0.32373 863.274
0.324219 864.014
0.324707 864.753
0.325195 865.491
0.325684 866.227
0.326172 866.963
0.32666 867.698
0.327148 868.431
0.327637 869.164
0.328125 869.895
0.328613 870.625
0.329102 871.354
0.32959 872.082
0.330078 872.809
0.330566 873.535
0.331055 874.26
0.331543 874.983
0.332031 875.706
0.33252 876.427
0.333008 877.147
0.333496 877.866
0.333984 878.584
0.334473 879.301
0.334961 880.017
0.335449 880.731
0.335938 881.444
0.336426 882.156
0.336914 882.867
0.337402 883.577
0.337891 884.285
0.338379 884.993
0.338867 885.699
0.339355 886.404
0.339844 887.107
0.340332 887.81
0.34082 888.511
0.341309 889.211
0.341797 889.91
0.342285 890.607
0.342773 891.303
0.343262 891.998
0.34375 892.692
0.344238 893.385
0.344727 894.076
0.345215 894.766
0.345703 895.455
0.346191 896.142
0.34668 896.828
0.347168 897.513
0.347656 898.196
0.348145 898.879
0.348633 899.56
0.349121 900.239
0.349609 900.917
0.350098 901.594
0.350586 902.27
0.351074 902.944
0.351562 903.617
0.352051 904.289
0.352539 904.959
0.353027 905.628
0.353516 906.295
0.354004 906.961
0.354492 907.626
0.35498 908.289
0.355469 908.951
0.355957 909.612
0.356445 910.271
0.356934 910.929
0.357422 911.585
0.35791 912.24
0.358398 912.894
0.358887 913.546
0.359375 914.196
0.359863 914.845
0.360352 915.493
0.36084 916.14
0.361328 916.784
0.361816 917.428
0.362305 918.07
0.362793 918.71
0.363281 919.349
0.36377 919.986
0.364258 920.622
0.364746 921.257
0.365234 921.89
0.365723 922.521
0.366211 923.151
0.366699 923.78
0.367188 924.407
0.367676 925.032
0.368164 925.656
0.368652 926.278
0.369141 926.899
0.369629 927.518
0.370117 928.136
0.370605 928.752
0.371094 929.366
0.371582 929.979
0.37207 930.59
0.372559 931.2
0.373047 931.808
0.373535 932.415
0.374023 933.019
0.374512 933.623
0.375 934.224
0.375488 934.824
0.375977 935.423
0.376465 936.02
0.376953 936.615
0.377441 937.208
0.37793 937.8
0.378418 938.39
0.378906 938.979
0.379395 939.565
0.379883 940.15
0.380371 940.734
0.380859 941.316
0.381348 941.896
0.381836 942.474
0.382324 943.051
0.382812 943.625
0.383301 944.199
0.383789 944.77
0.384277 945.34
0.384766 945.908
0.385254 946.474
0.385742 947.038
0.38623 947.601
0.386719 948.162
0.387207 948.721
0.387695 949.279
0.388184 949.834
0.388672 950.388
0.38916 950.94
0.389648 951.49
0.390137 952.039
0.390625 952.585
0.391113 953.13
0.391602 953.673
0.39209 954.214
0.392578 954.753
0.393066 955.291
0.393555 955.826
0.394043 956.36
0.394531 956.892
0.39502 957.422
0.395508 957.95
0.395996 958.476
0.396484 959
0.396973 959.523
0.397461 960.043
0.397949 960.562
0.398438 961.079
0.398926 961.593
0.399414 962.106
0.399902 962.617
0.400391 963.126
0.400879 963.633
0.401367 964.138
0.401855 964.641
0.402344 965.143
0.402832 965.642
0.40332 966.139
0.403809 966.634
0.404297 967.127
0.404785 967.619
0.405273 968.108
0.405762 968.595
0.40625 969.08
0.406738 969.564
0.407227 970.045
0.407715 970.524
0.408203 971.001
0.408691 971.476
0.40918 971.949
0.409668 972.42
0.410156 972.889
0.410645 973.356
0.411133 973.821
0.411621 974.283
0.412109 974.744
0.412598 975.202
0.413086 975.659
0.413574 976.113
0.414062 976.565
0.414551 977.015
0.415039 977.463
0.415527 977.909
0.416016 978.353
0.416504 978.794
0.416992 979.234
0.41748 979.671
0.417969 980.106
0.418457 980.539
0.418945 980.969
0.419434 981.398
0.419922 981.824
0.42041 982.248
0.420898 982.67
0.421387 983.09
0.421875 983.508
0.422363 983.923
0.422852 984.336
0.42334 984.747
0.423828 985.156
0.424316 985.562
0.424805 985.966
0.425293 986.368
0.425781 986.768
0.42627 987.165
0.426758 987.56
0.427246 987.953
0.427734 988.344
0.428223 988.732
0.428711 989.118
0.429199 989.501
0.429688 989.883
0.430176 990.262
0.430664 990.639
0.431152 991.013
0.431641 991.385
0.432129 991.755
0.432617 992.122
0.433105 992.487
0.433594 992.85
0.434082 993.21
0.43457 993.568
0.435059 993.924
0.435547 994.277
0.436035 994.628
0.436523 994.976
0.437012 995.322
0.4375 995.666
0.437988 996.007
0.438477 996.346
0.438965 996.683
0.439453 997.017
0.439941 997.348
0.44043 997.677
0.440918 998.004
0.441406 998.328
0.441895 998.65
0.442383 998.969
0.442871 999.286
0.443359 999.601
0.443848 999.913
0.444336 1000.22
0.444824 1000.53
0.445312 1000.83
0.445801 1001.14
0.446289 1001.44
0.446777 1001.73
0.447266 1002.03
0.447754 1002.32
0.448242 1002.61
0.44873 1002.9
0.449219 1003.18
0.449707 1003.46
0.450195 1003.74
0.450684 1004.02
0.451172 1004.29
0.45166 1004.56
0.452148 1004.83
0.452637 1005.1
0.453125 1005.36
0.453613 1005.63
0.454102 1005.88
0.45459 1006.14
0.455078 1006.39
0.455566 1006.65
0.456055 1006.89
0.456543 1007.14
0.457031 1007.38
0.45752 1007.62
0.458008 1007.86
0.458496 1008.1
0.458984 1008.33
0.459473 1008.56
0.459961 1008.79
0.460449 1009.01
0.460938 1009.24
0.461426 1009.46
0.461914 1009.67
0.462402 1009.89
0.462891 1010.1
0.463379 1010.31
0.463867 1010.51
0.464355 1010.72
0.464844 1010.92
0.465332 1011.12
0.46582 1011.31
0.466309 1011.51
0.466797 1011.7
0.467285 1011.88
0.467773 1012.07
0.468262 1012.25
0.46875 1012.43
0.469238 1012.61
0.469727 1012.78
0.470215 1012.95
0.470703 1013.12
0.471191 1013.29
0.47168 1013.45
0.472168 1013.61
0.472656 1013.77
0.473145 1013.92
0.473633 1014.08
0.474121 1014.23
0.474609 1014.37
0.475098 1014.52
0.475586 1014.66
0.476074 1014.8
0.476562 1014.93
0.477051 1015.07
0.477539 1015.2
0.478027 1015.32
0.478516 1015.45
0.479004 1015.57
0.479492 1015.69
0.47998 1015.81
0.480469 1015.92
0.480957 1016.03
0.481445 1016.14
0.481934 1016.25
0.482422 1016.35
0.48291 1016.45
0.483398 1016.54
0.483887 1016.64
0.484375 1016.73
0.484863 1016.82
0.485352 1016.9
0.48584 1016.99
0.486328 1017.07
0.486816 1017.15
0.487305 1017.22
0.487793 1017.29
0.488281 1017.36
0.48877 1017.43
0.489258 1017.49
0.489746 1017.55
0.490234 1017.61
0.490723 1017.66
0.491211 1017.72
0.491699 1017.77
0.492188 1017.81
0.492676 1017.86
0.493164 1017.9
0.493652 1017.94
0.494141 1017.97
0.494629 1018
0.495117 1018.03
0.495605 1018.06
0.496094 1018.08
0.496582 1018.1
0.49707 1018.12
0.497559 1018.14
0.498047 1018.15
0.498535 1018.16
0.499023 1018.17
0.499512 1018.17
0.5 1018.17
0.500488 1018.17
0.500977 1018.17
0.501465 1018.16
0.501953 1018.15
0.502441 1018.14
0.50293 1018.12
0.503418 1018.1
0.503906 1018.08
0.504395 1018.06
0.504883 1018.03
0.505371 1018
0.505859 1017.97
0.506348 1017.94
0.506836 1017.9
0.507324 1017.86
0.507812 1017.81
0.508301 1017.77
0.508789 1017.72
0.509277 1017.66
0.509766 1017.61
0.510254 1017.55
0.510742 1017.49
0.51123 1017.43
0.511719 1017.36
0.512207 1017.29
0.512695 1017.22
0.513184 1017.15
0.513672 1017.07
0.51416 1016.99
0.514648 1016.9
0.515137 1016.82
0.515625 1016.73
0.516113 1016.64
0.516602 1016.54
0.51709 1016.45
0.517578 1016.35
0.518066 1016.25
0.518555 1016.14
0.519043 1016.03
0.519531 1015.92
0.52002 1015.81
0.520508 1015.69
0.520996 1015.57
0.521484 1015.45
0.521973 1015.32
0.522461 1015.2
0.522949 1015.07
0.523438 1014.93
0.523926 1014.8
0.524414 1014.66
0.524902 1014.52
0.525391 1014.37
0.525879 1014.23
0.526367 1014.08
0.526855 1013.92
0.527344 1013.77
0.527832 1013.61
0.52832 1013.45
0.528809 1013.29
0.529297 1013.12
0.529785 1012.95
0.530273 1012.78
0.530762 1012.61
0.53125 1012.43
0.531738 1012.25
0.532227 1012.07
0.532715 1011.88
0.533203 1011.7
0.533691 1011.5
0.53418 1011.31
0.534668 1011.12
0.535156 1010.92
0.535645 1010.72
0.536133 1010.51
0.536621 1010.31
0.537109 1010.1
0.537598 1009.88
0.538086 1009.67
0.538574 1009.45
0.539062 1009.23
0.539551 1009.01
0.540039 1008.79
0.540527 1008.56
0.541016 1008.33
0.541504 1008.09
0.541992 1007.86
0.54248 1007.62
0.542969 1007.38
0.543457 1007.14
0.543945 1006.89
0.544434 1006.64
0.544922 1006.39
0.54541 1006.14
0.545898 1005.88
0.546387 1005.62
0.546875 1005.36
0.547363 1005.1
0.547852 1004.83
0.54834 1004.56
0.548828 1004.29
0.549316 1004.01
0.549805 1003.74
0.550293 1003.46
0.550781 1003.17
0.55127 1002.89
0.551758 1002.6
0.552246 1002.31
0.552734 1002.02
0.553223 1001.73
0.553711 1001.43
0.554199 1001.13
0.554688 1000.83
0.555176 1000.52
0.555664 1000.22
0.556152 999.906
0.556641 999.593
0.557129 999.279
0.557617 998.962
0.558105 998.642
0.558594 998.32
0.559082 997.996
0.55957 997.669
0.560059 997.339
0.560547 997.008
0.561035 996.673
0.561523 996.337
0.562012 995.998
0.5625 995.656
0.562988 995.312
0.563477 994.966
0.563965 994.617
0.564453 994.266
0.564941 993.913
0.56543 993.557
0.565918 993.199
0.566406 992.838
0.566895 992.475
0.567383 992.11
0.567871 991.742
0.568359 991.372
0.568848 991
0.569336 990.625
0.569824 990.248
0.570312 989.869
0.570801 989.487
0.571289 989.103
0.571777 988.717
0.572266 988.328
0.572754 987.938
0.573242 987.545
0.57373 987.149
0.574219 986.751
0.574707 986.351
0.575195 985.949
0.575684 985.545
0.576172 985.138
0.57666 984.729
0.577148 984.318
0.577637 983.905
0.578125 983.489
0.578613 983.071
0.579102 982.651
0.57959 982.229
0.580078 981.804
0.580566 981.377
0.581055 980.949
0.581543 980.517
0.582031 980.084
0.58252 979.649
0.583008 979.211
0.583496 978.771
0.583984 978.33
0.584473 977.886
0.584961 977.439
0.585449 976.991
0.585938 976.541
0.586426 976.088
0.586914 975.633
0.587402 975.177
0.587891 974.718
0.588379 974.257
0.588867 973.794
0.589355 973.328
0.589844 972.861
0.590332 972.392
0.59082 971.92
0.591309 971.447
0.591797 970.972
0.592285 970.494
0.592773 970.014
0.593262 969.533
0.59375 969.049
0.594238 968.563
0.594727 968.076
0.595215 967.586
0.595703 967.094
0.596191 966.601
0.59668 966.105
0.597168 965.607
0.597656 965.108
0.598145 964.606
0.598633 964.102
0.599121 963.597
0.599609 963.089
0.600098 962.58
0.600586 962.068
0.601074 961.555
0.601562 961.04
0.602051 960.522
0.602539 960.003
0.603027 959.482
0.603516 958.959
0.604004 958.434
0.604492 957.908
0.60498 957.379
0.605469 956.849
0.605957 956.316
0.606445 955.782
0.606934 955.246
0.607422 954.708
0.60791 954.168
0.608398 953.626
0.608887 953.083
0.609375 952.538
0.609863 951.99
0.610352 951.441
0.61084 950.891
0.611328 950.338
0.611816 949.784
0.612305 949.228
0.612793 948.67
0.613281 948.11
0.61377 947.548
0.614258 946.985
0.614746 946.42
0.615234 945.853
0.615723 945.284
0.616211 944.714
0.616699 944.142
0.617188 943.568
0.617676 942.993
0.618164 942.416
0.618652 941.837
0.619141 941.256
0.619629 940.674
0.620117 940.089
0.620605 939.504
0.621094 938.916
0.621582 938.327
0.62207 937.736
0.622559 937.144
0.623047 936.55
0.623535 935.954
0.624023 935.356
0.624512 934.757
0.625 934.157
0.625488 933.554
0.625977 932.95
0.626465 932.345
0.626953 931.738
0.627441 931.129
0.62793 930.518
0.628418 929.906
0.628906 929.293
0.629395 928.678
0.629883 928.061
0.630371 927.442
0.630859 926.823
0.631348 926.201
0.631836 925.578
0.632324 924.954
0.632812 924.327
0.633301 923.7
0.633789 923.071
0.634277 922.44
0.634766 921.808
0.635254 921.174
0.635742 920.539
0.63623 919.902
0.636719 919.264
0.637207 918.624
0.637695 917.983
0.638184 917.34
0.638672 916.696
0.63916 916.05
0.639648 915.403
0.640137 914.755
0.640625 914.105
0.641113 913.453
0.641602 912.8
0.64209 912.146
0.642578 911.49
0.643066 910.833
0.643555 910.175
0.644043 909.515
0.644531 908.853
0.64502 908.19
0.645508 907.526
0.645996 906.861
0.646484 906.194
0.646973 905.525
0.647461 904.856
0.647949 904.185
0.648438 903.512
0.648926 902.838
0.649414 902.163
0.649902 901.487
0.650391 900.809
0.650879 900.13
0.651367 899.449
0.651855 898.767
0.652344 898.084
0.652832 897.4
0.65332 896.714
0.653809 896.027
0.654297 895.339
0.654785 894.649
0.655273 893.958
0.655762 893.266
0.65625 892.573
0.656738 891.878
0.657227 891.182
0.657715 890.485
0.658203 889.786
0.658691 889.087
0.65918 888.386
0.659668 887.684
0.660156 886.98
0.660645 886.276
0.661133 885.57
0.661621 884.863
0.662109 884.154
0.662598 883.445
0.663086 882.734
0.663574 882.022
0.664062 881.309
0.664551 880.595
0.665039 879.88
0.665527 879.163
0.666016 878.446
0.666504 877.727
0.666992 877.007
0.66748 876.285
0.667969 875.563
0.668457 874.84
0.668945 874.115
0.669434 873.389
0.669922 872.662
0.67041 871.934
0.670898 871.205
0.671387 870.475
0.671875 869.744
0.672363 869.012
0.672852 868.278
0.67334 867.544
0.673828 866.808
0.674316 866.071
0.674805 865.333
0.675293 864.595
0.675781 863.855
0.67627 863.114
0.676758 862.372
0.677246 861.629
0.677734 860.885
0.678223 860.139
0.678711 859.393
0.679199 858.646
0.679688 857.898
0.680176 857.149
0.680664 856.398
0.681152 855.647
0.681641 854.895
0.682129 854.142
0.682617 853.387
0.683105 852.632
0.683594 851.876
0.684082 851.119
0.68457 850.361
0.685059 849.602
0.685547 848.842
0.686035 848.081
0.686523 847.319
0.687012 846.556
0.6875 845.792
0.687988 845.027
0.688477 844.262
0.688965 843.495
0.689453 842.728
0.689941 841.959
0.69043 841.19
0.690918 840.419
0.691406 839.648
0.691895 838.876
0.692383 838.103
0.692871 837.329
0.693359 836.555
0.693848 835.779
0.694336 835.003
0.694824 834.225
0.695312 833.447
0.695801 832.668
0.696289 831.888
0.696777 831.108
0.697266 830.326
0.697754 829.544
0.698242 828.76
0.69873 827.976
0.699219 827.191
0.699707 826.406
0.700195 825.619
0.700684 824.832
0.701172 824.044
0.70166 823.255
0.702148 822.465
0.702637 821.674
0.703125 820.883
0.703613 820.091
0.704102 819.298
0.70459 818.505
0.705078 817.71
0.705566 816.915
0.706055 816.119
0.706543 815.322
0.707031 814.525
0.70752 813.727
0.708008 812.928
0.708496 812.128
0.708984 811.328
0.709473 810.527
0.709961 809.725
0.710449 808.923
0.710938 808.119
0.711426 807.315
0.711914 806.511
0.712402 805.705
0.712891 804.899
0.713379 804.093
0.713867 803.285
0.714355 802.477
0.714844 801.669
0.715332 800.859
0.71582 800.049
0.716309 799.238
0.716797 798.427
0.717285 797.615
0.717773 796.802
0.718262 795.989
0.71875 795.175
0.719238 794.36
0.719727 793.545
0.720215 792.729
0.720703 791.913
0.721191 791.096
0.72168 790.278
0.722168 789.46
0.722656 788.641
0.723145 787.822
0.723633 787.001
0.724121 786.181
0.724609 785.36
0.725098 784.538
0.725586 783.715
0.726074 782.892
0.726562 782.069
0.727051 781.245
0.727539 780.42
0.728027 779.595
0.728516 778.769
0.729004 777.943
0.729492 777.116
0.72998 776.289
0.730469 775.461
0.730957 774.632
0.731445 773.803
0.731934 772.974
0.732422 772.144
0.73291 771.314
0.733398 770.483
0.733887 769.651
0.734375 768.819
0.734863 767.987
0.735352 767.154
0.73584 766.32
0.736328 765.486
0.736816 764.652
0.737305 763.817
0.737793 762.982
0.738281 762.146
0.73877 761.31
0.739258 760.473
0.739746 759.636
0.740234 758.799
0.740723 757.961
0.741211 757.122
0.741699 756.283
0.742188 755.444
0.742676 754.604
0.743164 753.764
0.743652 752.924
0.744141 752.083
0.744629 751.241
0.745117 750.399
0.745605 749.557
0.746094 748.715
0.746582 747.872
0.74707 747.028
0.747559 746.185
0.748047 745.341
0.748535 744.496
0.749023 743.651
0.749512 742.806
0.75 741.961
0.750488 741.115
0.750977 740.269
0.751465 739.422
0.751953 738.575
0.752441 737.728
0.75293 736.88
0.753418 736.032
0.753906 735.184
0.754395 734.336
0.754883 733.487
0.755371 732.638
0.755859 731.788
0.756348 730.938
0.756836 730.088
0.757324 729.238
0.757812 728.387
0.758301 727.536
0.758789 726.685
0.759277 725.833
0.759766 724.982
0.760254 724.13
0.760742 723.277
0.76123 722.425
0.761719 721.572
0.762207 720.719
0.762695 719.865
0.763184 719.012
0.763672 718.158
0.76416 717.304
0.764648 716.449
0.765137 715.595
0.765625 714.74
0.766113 713.885
0.766602 713.03
0.76709 712.174
0.767578 711.319
0.768066 710.463
0.768555 709.607
0.769043 708.751
0.769531 707.894
0.77002 707.038
0.770508 706.181
0.770996 705.324
0.771484 704.467
0.771973 703.609
0.772461 702.752
0.772949 701.894
0.773438 701.036
0.773926 700.178
0.774414 699.32
0.774902 698.462
0.775391 697.603
0.775879 696.745
0.776367 695.886
0.776855 695.027
0.777344 694.168
0.777832 693.309
0.77832 692.45
0.778809 691.591
0.779297 690.731
0.779785 689.872
0.780273 689.012
0.780762 688.152
0.78125 687.293
0.781738 686.433
0.782227 685.573
0.782715 684.712
0.783203 683.852
0.783691 682.992
0.78418 682.132
0.784668 681.271
0.785156 680.411
0.785645 679.55
0.786133 678.69
0.786621 677.829
0.787109 676.968
0.787598 676.107
0.788086 675.247
0.788574 674.386
0.789062 673.525
0.789551 672.664
0.790039 671.803
0.790527 670.942
0.791016 670.081
0.791504 669.22
0.791992 668.359
0.79248 667.498
0.792969 666.637
0.793457 665.776
0.793945 664.915
0.794434 664.054
0.794922 663.193
0.79541 662.332
0.795898 661.471
0.796387 660.611
0.796875 659.75
0.797363 658.889
0.797852 658.028
0.79834 657.167
0.798828 656.307
0.799316 655.446
0.799805 654.585
0.800293 653.725
0.800781 652.864
0.80127 652.004
0.801758 651.143
0.802246 650.283
0.802734 649.423
0.803223 648.563
0.803711 647.702
0.804199 646.842
0.804688 645.983
0.805176 645.123
0.805664 644.263
0.806152 643.403
0.806641 642.544
0.807129 641.684
0.807617 640.825
0.808105 639.966
0.808594 639.107
0.809082 638.248
0.80957 637.389
0.810059 636.53
0.810547 635.672
0.811035 634.813
0.811523 633.955
0.812012 633.097
0.8125 632.239
0.812988 631.381
0.813477 630.524
0.813965 629.666
0.814453 628.809
0.814941 627.951
0.81543 627.094
0.815918 626.238
0.816406 625.381
0.816895 624.525
0.817383 623.668
0.817871 622.812
0.818359 621.956
0.818848 621.1
0.819336 620.245
0.819824 619.39
0.820312 618.535
0.820801 617.68
0.821289 616.825
0.821777 615.971
0.822266 615.116
0.822754 614.262
0.823242 613.408
0.82373 612.555
0.824219 611.702
0.824707 610.849
0.825195 609.996
0.825684 609.143
0.826172 608.291
0.82666 607.439
0.827148 606.587
0.827637 605.735
0.828125 604.884
0.828613 604.033
0.829102 603.182
0.82959 602.332
0.830078 601.482
0.830566 600.632
0.831055 599.782
0.831543 598.933
0.832031 598.084
0.83252 597.235
0.833008 596.386
0.833496 595.538
0.833984 594.69
0.834473 593.843
0.834961 592.996
0.835449 592.149
0.835938 591.302
0.836426 590.456
0.836914 589.61
0.837402 588.764
0.837891 587.919
0.838379 587.074
0.838867 586.23
0.839355 585.385
0.839844 584.542
0.840332 583.698
0.84082 582.855
0.841309 582.012
0.841797 581.17
0.842285 580.327
0.842773 579.486
0.843262 578.644
0.84375 577.803
0.844238 576.963
0.844727 576.123
0.845215 575.283
0.845703 574.443
0.846191 573.604
0.84668 572.766
0.847168 571.927
0.847656 571.089
0.848145 570.252
0.848633 569.415
0.849121 568.578
0.849609 567.742
0.850098 566.906
0.850586 566.071
0.851074 565.236
0.851562 564.401
0.852051 563.567
0.852539 562.734
0.853027 561.901
0.853516 561.068
0.854004 560.235
0.854492 559.404
0.85498 558.572
0.855469 557.741
0.855957 556.911
0.856445 556.081
0.856934 555.251
0.857422 554.422
0.85791 553.593
0.858398 552.765
0.858887 551.937
0.859375 551.11
0.859863 550.283
0.860352 549.457
0.86084 548.631
0.861328 547.806
0.861816 546.981
0.862305 546.157
0.862793 545.333
0.863281 544.51
0.86377 543.687
0.864258 542.864
0.864746 542.043
0.865234 541.221
0.865723 540.401
0.866211 539.58
0.866699 538.761
0.867188 537.941
0.867676 537.123
0.868164 536.305
0.868652 535.487
0.869141 534.67
0.869629 533.854
0.870117 533.038
0.870605 532.222
0.871094 531.407
0.871582 530.593
0.87207 529.779
0.872559 528.966
0.873047 528.153
0.873535 527.341
0.874023 526.53
0.874512 525.719
0.875 524.908
0.875488 524.098
0.875977 523.289
0.876465 522.481
0.876953 521.672
0.877441 520.865
0.87793 520.058
0.878418 519.252
0.878906 518.446
0.879395 517.641
0.879883 516.836
0.880371 516.032
0.880859 515.229
0.881348 514.426
0.881836 513.624
0.882324 512.822
0.882812 512.021
0.883301 511.221
0.883789 510.421
0.884277 509.622
0.884766 508.824
0.885254 508.026
0.885742 507.229
0.88623 506.432
0.886719 505.636
0.887207 504.841
0.887695 504.046
0.888184 503.252
0.888672 502.459
0.88916 501.666
0.889648 500.874
0.890137 500.082
0.890625 499.291
0.891113 498.501
0.891602 497.711
0.89209 496.922
0.892578 496.134
0.893066 495.346
0.893555 494.559
0.894043 493.773
0.894531 492.987
0.89502 492.202
0.895508 491.418
0.895996 490.634
0.896484 489.851
0.896973 489.069
0.897461 488.287
0.897949 487.506
0.898438 486.726
0.898926 485.946
0.899414 485.167
0.899902 484.389
0.900391 483.611
0.900879 482.834
0.901367 482.058
0.901855 481.283
0.902344 480.508
0.902832 479.733
0.90332 478.96
0.903809 478.187
0.904297 477.415
0.904785 476.643
0.905273 475.873
0.905762 475.102
0.90625 474.333
0.906738 473.564
0.907227 472.796
0.907715 472.029
0.908203 471.262
0.908691 470.496
0.90918 469.731
0.909668 468.967
0.910156 468.203
0.910645 467.439
0.911133 466.677
0.911621 465.915
0.912109 465.154
0.912598 464.394
0.913086 463.634
0.913574 462.875
0.914062 462.117
0.914551 461.359
0.915039 460.602
0.915527 459.846
0.916016 459.091
0.916504 458.336
0.916992 457.582
0.91748 456.828
0.917969 456.076
0.918457 455.324
0.918945 454.572
0.919434 453.822
0.919922 453.072
0.92041 452.323
0.920898 451.574
0.921387 450.826
0.921875 450.079
0.922363 449.333
0.922852 448.587
0.92334 447.842
0.923828 447.097
0.924316 446.354
0.924805 445.611
0.925293 444.868
0.925781 444.127
0.92627 443.386
0.926758 442.645
0.927246 441.906
0.927734 441.167
0.928223 440.428
0.928711 439.691
0.929199 438.954
0.929688 438.217
0.930176 437.482
0.930664 436.747
0.931152 436.012
0.931641 435.279
0.932129 434.546
0.932617 433.813
0.933105 433.081
0.933594 432.35
0.934082 431.62
0.93457 430.89
0.935059 430.161
0.935547 429.432
0.936035 428.704
0.936523 427.977
0.937012 427.25
0.9375 426.524
0.937988 425.798
0.938477 425.073
0.938965 424.349
0.939453 423.625
0.939941 422.902
0.94043 422.179
0.940918 421.457
0.941406 420.736
0.941895 420.015
0.942383 419.294
0.942871 418.574
0.943359 417.855
0.943848 417.136
0.944336 416.418
0.944824 415.7
0.945312 414.983
0.945801 414.266
0.946289 413.549
0.946777 412.834
0.947266 412.118
0.947754 411.403
0.948242 410.689
0.94873 409.975
0.949219 409.261
0.949707 408.548
0.950195 407.835
0.950684 407.123
0.951172 406.411
0.95166 405.699
0.952148 404.988
0.952637 404.277
0.953125 403.566
0.953613 402.856
0.954102 402.146
0.95459 401.436
0.955078 400.727
0.955566 400.018
0.956055 399.309
0.956543 398.6
0.957031 397.891
0.95752 397.183
0.958008 396.475
0.958496 395.767
0.958984 395.059
0.959473 394.351
0.959961 393.643
0.960449 392.936
0.960938 392.228
0.961426 391.521
0.961914 390.813
0.962402 390.105
0.962891 389.398
0.963379 388.69
0.963867 387.982
0.964355 387.274
0.964844 386.566
0.965332 385.857
0.96582 385.149
0.966309 384.44
0.966797 383.731
0.967285 383.021
0.967773 382.311
0.968262 381.601
0.96875 380.89
0.969238 380.178
0.969727 379.466
0.970215 378.754
0.970703 378.04
0.971191 377.327
0.97168 376.612
0.972168 375.896
0.972656 375.18
0.973145 374.463
0.973633 373.744
0.974121 373.025
0.974609 372.304
0.975098 371.582
0.975586 370.859
0.976074 370.135
0.976562 369.409
0.977051 368.681
0.977539 367.952
0.978027 367.221
0.978516 366.488
0.979004 365.754
0.979492 365.017
0.97998 364.278
0.980469 363.536
0.980957 362.792
0.981445 362.045
0.981934 361.296
0.982422 360.543
0.98291 359.788
0.983398 359.028
0.983887 358.266
0.984375 357.499
0.984863 356.728
0.985352 355.953
0.98584 355.173
0.986328 354.389
0.986816 353.598
0.987305 352.803
0.987793 352.001
0.988281 351.192
0.98877 350.376
0.989258 349.553
0.989746 348.721
0.990234 347.881
0.990723 347.03
0.991211 346.17
0.991699 345.297
0.992188 344.412
0.992676 343.512
0.993164 342.597
0.993652 341.665
0.994141 340.713
0.994629 339.739
0.995117 338.74
0.995605 337.712
0.996094 336.651
0.996582 335.55
0.99707 334.4
0.997559 333.192
0.998047 331.908
0.998535 330.522
0.999023 328.993
0.999512 327.234
1 325.016
------------
