k:60_n:120_sigma:20_iters:2
Printing log2 count distribution: 
0 -inf
0.00833333 -16.415
0.0166667 -9.22924
0.025 -4.74341
0.0333333 -1.1961
0.0416667 1.77169
0.05 4.32173
0.0583333 6.54685
0.0666667 8.50679
0.075 10.2422
0.0833333 11.7815
0.0916667 13.145
0.1 14.3489
0.108333 15.4095
0.116667 16.3512
0.125 17.2212
0.133333 18.1101
0.141667 19.1465
0.15 20.4084
0.158333 21.842
0.166667 23.3323
0.175 24.7978
0.183333 26.201
0.191667 27.5292
0.2 28.7806
0.208333 29.9589
0.216667 31.0711
0.225 32.1289
0.233333 33.1499
0.241667 34.1585
0.25 35.1841
0.258333 36.2535
0.266667 37.3797
0.275 38.5561
0.283333 39.7609
0.291667 40.9684
0.3 42.1571
0.308333 43.312
0.316667 44.424
0.325 45.4882
0.333333 46.502
0.341667 47.4643
0.35 48.3746
0.358333 49.2332
0.366667 50.0403
0.375 50.7963
0.383333 51.5015
0.391667 52.1563
0.4 52.7612
0.408333 53.3164
0.416667 53.8223
0.425 54.2791
0.433333 54.6872
0.441667 55.0467
0.45 55.3579
0.458333 55.621
0.466667 55.836
0.475 56.0031
0.483333 56.1224
0.491667 56.194
0.5 56.2178
0.508333 56.194
0.516667 56.1224
0.525 56.0031
0.533333 55.836
0.541667 55.621
0.55 55.3579
0.558333 55.0467
0.566667 54.6872
0.575 54.2791
0.583333 53.8223
0.591667 53.3164
0.6 52.7611
0.608333 52.1563
0.616667 51.5014
0.625 50.7962
0.633333 50.0401
0.641667 49.2327
0.65 48.3736
0.658333 47.4621
0.666667 46.4978
0.675 45.4798
0.683333 44.4077
0.691667 43.2806
0.7 42.0977
0.708333 40.8582
0.716667 39.5613
0.725 38.2058
0.733333 36.7907
0.741667 35.315
0.75 33.7774
0.758333 32.1765
0.766667 30.5109
0.775 28.7791
0.783333 26.9794
0.791667 25.1099
0.8 23.1688
0.808333 21.1539
0.816667 19.0627
0.825 16.8928
0.833333 14.6413
0.841667 12.305
0.85 9.8805
0.858333 7.36392
0.866667 4.75095
0.875 2.0367
0.883333 -0.784329
0.891667 -3.71844
0.9 -6.77289
0.908333 -9.95611
0.916667 -13.278
0.925 -16.7505
0.933333 -20.388
0.941667 -24.2081
0.95 -28.2337
0.958333 -32.4942
0.966667 -37.0303
0.975 -41.9006
0.983333 -47.1983
0.991667 -53.0931
1 -60
------------
