k:1024_n:2048_sigma:8_iters:3
Printing log2 count distribution: 
0 -inf
0.000488281 -11.9462
0.000976562 -11.9402
0.00146484 -11.9342
0.00195312 -11.9282
0.00244141 -11.9222
0.00292969 -11.9162
0.00341797 -11.9102
0.00390625 -11.9041
0.00439453 -11.898
0.00488281 -11.892
0.00537109 -11.8859
0.00585938 -11.8798
0.00634766 -11.8736
0.00683594 -11.8675
0.00732422 -11.8613
0.0078125 -11.8552
0.00830078 -11.849
0.00878906 -11.8428
0.00927734 -11.8365
0.00976562 -11.8303
0.0102539 -11.8241
0.0107422 -11.8178
0.0112305 -11.8115
0.0117188 -11.8052
0.012207 -11.7989
0.0126953 -11.7925
0.0131836 -11.7862
0.0136719 -11.7798
0.0141602 -11.7734
0.0146484 -11.767
0.0151367 -11.7606
0.015625 -11.7542
0.0161133 -11.7477
0.0166016 -11.7413
0.0170898 -11.7348
0.0175781 -11.7283
0.0180664 -11.7217
0.0185547 -11.7152
0.019043 -11.7087
0.0195312 -11.7021
0.0200195 -11.6955
0.0205078 -11.6889
0.0209961 -11.6822
0.0214844 -11.6756
0.0219727 -11.6689
0.0224609 -11.6622
0.0229492 -11.6555
0.0234375 -11.6488
0.0239258 -11.642
0.0244141 -11.6353
0.0249023 -11.6285
0.0253906 -11.6217
0.0258789 -11.6149
0.0263672 -11.608
0.0268555 -11.6012
0.0273438 -11.5943
0.027832 -11.5874
0.0283203 -11.5804
0.0288086 -11.5735
0.0292969 -11.5665
0.0297852 -11.5595
0.0302734 -11.5525
0.0307617 -11.5455
0.03125 -11.5385
0.0317383 -11.5314
0.0322266 -11.5243
0.0327148 -11.5172
0.0332031 -11.51
0.0336914 -11.5029
0.0341797 -11.4957
0.034668 -11.4885
0.0351562 -11.4812
0.0356445 -11.474
0.0361328 -11.4667
0.0366211 -11.4594
0.0371094 -11.4521
0.0375977 -11.4447
0.0380859 -11.4374
0.0385742 -11.43
0.0390625 -11.4226
0.0395508 -11.4151
0.0400391 -11.4076
0.0405273 -11.4002
0.0410156 -11.3926
0.0415039 -11.3851
0.0419922 -11.3775
0.0424805 -11.3699
0.0429688 -11.3623
0.043457 -11.3546
0.0439453 -11.347
0.0444336 -11.3393
0.0449219 -11.3315
0.0454102 -11.3238
0.0458984 -11.316
0.0463867 -11.3082
0.046875 -11.3003
0.0473633 -11.2925
0.0478516 -11.2846
0.0483398 -11.2766
0.0488281 -11.2687
0.0493164 -11.2607
0.0498047 -11.2527
0.050293 -11.2446
0.0507812 -11.2365
0.0512695 -11.2284
0.0517578 -11.2203
0.0522461 -11.2121
0.0527344 -11.2039
0.0532227 -11.1957
0.0537109 -11.1874
0.0541992 -11.1791
0.0546875 -11.1708
0.0551758 -11.1624
0.0556641 -11.154
0.0561523 -11.1456
0.0566406 -11.1371
0.0571289 -11.1286
0.0576172 -11.1201
0.0581055 -11.1115
0.0585938 -11.1029
0.059082 -11.0942
0.0595703 -11.0855
0.0600586 -11.0768
0.0605469 -11.0681
0.0610352 -11.0593
0.0615234 -11.0504
0.0620117 -11.0415
0.0625 -11.0326
0.0629883 -11.0237
0.0634766 -11.0147
0.0639648 -11.0056
0.0644531 -10.9965
0.0649414 -10.9874
0.0654297 -10.9783
0.065918 -10.969
0.0664062 -10.9598
0.0668945 -10.9505
0.0673828 -10.9411
0.0678711 -10.9318
0.0683594 -10.9223
0.0688477 -10.9128
0.0693359 -10.9033
0.0698242 -10.8937
0.0703125 -10.8841
0.0708008 -10.8744
0.0712891 -10.8647
0.0717773 -10.8549
0.0722656 -10.8451
0.0727539 -10.8352
0.0732422 -10.8252
0.0737305 -10.8152
0.0742188 -10.8052
0.074707 -10.7951
0.0751953 -10.7849
0.0756836 -10.7747
0.0761719 -10.7644
0.0766602 -10.754
0.0771484 -10.7436
0.0776367 -10.7331
0.078125 -10.7226
0.0786133 -10.712
0.0791016 -10.7013
0.0795898 -10.6906
0.0800781 -10.6797
0.0805664 -10.6688
0.0810547 -10.6579
0.081543 -10.6468
0.0820312 -10.6356
0.0825195 -10.6243
0.0830078 -10.6128
0.0834961 -10.6009
0.0839844 -10.5883
0.0844727 -10.5744
0.0849609 -10.5574
0.0854492 -10.5334
0.0859375 -10.4933
0.0864258 -10.4164
0.0869141 -10.2585
0.0874023 -9.94074
0.0878906 -9.36701
0.0883789 -8.49433
0.0888672 -7.37589
0.0893555 -6.10466
0.0898438 -4.7503
0.090332 -3.34967
0.0908203 -1.91943
0.0913086 -0.466681
0.0917969 1.00547
0.0922852 2.49555
0.0927734 4.00276
0.0932617 5.52654
0.09375 7.06644
0.0942383 8.62207
0.0947266 10.1931
0.0952148 11.7791
0.0957031 13.3798
0.0961914 14.9949
0.0966797 16.624
0.097168 18.267
0.0976562 19.9234
0.0981445 21.5931
0.0986328 23.2758
0.0991211 24.9711
0.0996094 26.679
0.100098 28.399
0.100586 30.1311
0.101074 31.8749
0.101562 33.6302
0.102051 35.3969
0.102539 37.1746
0.103027 38.9633
0.103516 40.7626
0.104004 42.5724
0.104492 44.3926
0.10498 46.2228
0.105469 48.0629
0.105957 49.9128
0.106445 51.7722
0.106934 53.641
0.107422 55.5189
0.10791 57.4059
0.108398 59.3017
0.108887 61.2062
0.109375 63.1193
0.109863 65.0406
0.110352 66.9702
0.11084 68.9077
0.111328 70.8532
0.111816 72.8063
0.112305 74.7671
0.112793 76.7352
0.113281 78.7106
0.11377 80.6931
0.114258 82.6826
0.114746 84.679
0.115234 86.682
0.115723 88.6915
0.116211 90.7075
0.116699 92.7298
0.117188 94.7582
0.117676 96.7926
0.118164 98.8328
0.118652 100.879
0.119141 102.93
0.119629 104.988
0.120117 107.05
0.120605 109.118
0.121094 111.191
0.121582 113.268
0.12207 115.351
0.122559 117.438
0.123047 119.53
0.123535 121.627
0.124023 123.728
0.124512 125.833
0.125 127.942
0.125488 130.056
0.125977 132.173
0.126465 134.294
0.126953 136.419
0.127441 138.547
0.12793 140.679
0.128418 142.815
0.128906 144.953
0.129395 147.095
0.129883 149.24
0.130371 151.387
0.130859 153.538
0.131348 155.691
0.131836 157.847
0.132324 160.006
0.132812 162.167
0.133301 164.331
0.133789 166.496
0.134277 168.664
0.134766 170.834
0.135254 173.006
0.135742 175.18
0.13623 177.356
0.136719 179.533
0.137207 181.712
0.137695 183.892
0.138184 186.074
0.138672 188.258
0.13916 190.442
0.139648 192.628
0.140137 194.815
0.140625 197.003
0.141113 199.192
0.141602 201.381
0.14209 203.572
0.142578 205.763
0.143066 207.955
0.143555 210.147
0.144043 212.34
0.144531 214.533
0.14502 216.727
0.145508 218.921
0.145996 221.115
0.146484 223.309
0.146973 225.503
0.147461 227.697
0.147949 229.891
0.148438 232.085
0.148926 234.278
0.149414 236.471
0.149902 238.664
0.150391 240.857
0.150879 243.049
0.151367 245.24
0.151855 247.431
0.152344 249.621
0.152832 251.81
0.15332 253.999
0.153809 256.186
0.154297 258.373
0.154785 260.559
0.155273 262.743
0.155762 264.927
0.15625 267.109
0.156738 269.29
0.157227 271.47
0.157715 273.649
0.158203 275.826
0.158691 278.002
0.15918 280.177
0.159668 282.349
0.160156 284.521
0.160645 286.691
0.161133 288.859
0.161621 291.025
0.162109 293.19
0.162598 295.353
0.163086 297.514
0.163574 299.673
0.164062 301.83
0.164551 303.986
0.165039 306.139
0.165527 308.29
0.166016 310.44
0.166504 312.587
0.166992 314.732
0.16748 316.874
0.167969 319.015
0.168457 321.153
0.168945 323.289
0.169434 325.423
0.169922 327.554
0.17041 329.683
0.170898 331.81
0.171387 333.934
0.171875 336.056
0.172363 338.175
0.172852 340.291
0.17334 342.405
0.173828 344.516
0.174316 346.625
0.174805 348.731
0.175293 350.834
0.175781 352.935
0.17627 355.033
0.176758 357.128
0.177246 359.22
0.177734 361.31
0.178223 363.396
0.178711 365.48
0.179199 367.561
0.179688 369.639
0.180176 371.714
0.180664 373.786
0.181152 375.855
0.181641 377.921
0.182129 379.984
0.182617 382.044
0.183105 384.101
0.183594 386.155
0.184082 388.206
0.18457 390.254
0.185059 392.298
0.185547 394.34
0.186035 396.378
0.186523 398.413
0.187012 400.445
0.1875 402.473
0.187988 404.499
0.188477 406.521
0.188965 408.54
0.189453 410.556
0.189941 412.568
0.19043 414.577
0.190918 416.583
0.191406 418.586
0.191895 420.585
0.192383 422.58
0.192871 424.573
0.193359 426.562
0.193848 428.548
0.194336 430.53
0.194824 432.509
0.195312 434.484
0.195801 436.456
0.196289 438.425
0.196777 440.39
0.197266 442.352
0.197754 444.31
0.198242 446.265
0.19873 448.216
0.199219 450.164
0.199707 452.109
0.200195 454.05
0.200684 455.987
0.201172 457.921
0.20166 459.851
0.202148 461.778
0.202637 463.701
0.203125 465.621
0.203613 467.537
0.204102 469.45
0.20459 471.359
0.205078 473.265
0.205566 475.166
0.206055 477.065
0.206543 478.96
0.207031 480.851
0.20752 482.739
0.208008 484.623
0.208496 486.503
0.208984 488.38
0.209473 490.253
0.209961 492.123
0.210449 493.989
0.210938 495.851
0.211426 497.71
0.211914 499.565
0.212402 501.417
0.212891 503.265
0.213379 505.109
0.213867 506.95
0.214355 508.787
0.214844 510.621
0.215332 512.45
0.21582 514.277
0.216309 516.099
0.216797 517.918
0.217285 519.733
0.217773 521.545
0.218262 523.353
0.21875 525.157
0.219238 526.958
0.219727 528.755
0.220215 530.548
0.220703 532.338
0.221191 534.124
0.22168 535.907
0.222168 537.685
0.222656 539.46
0.223145 541.232
0.223633 543
0.224121 544.764
0.224609 546.524
0.225098 548.281
0.225586 550.034
0.226074 551.784
0.226562 553.53
0.227051 555.272
0.227539 557.011
0.228027 558.746
0.228516 560.477
0.229004 562.205
0.229492 563.929
0.22998 565.649
0.230469 567.366
0.230957 569.079
0.231445 570.788
0.231934 572.494
0.232422 574.196
0.23291 575.894
0.233398 577.589
0.233887 579.28
0.234375 580.968
0.234863 582.652
0.235352 584.332
0.23584 586.009
0.236328 587.682
0.236816 589.351
0.237305 591.017
0.237793 592.679
0.238281 594.337
0.23877 595.992
0.239258 597.643
0.239746 599.291
0.240234 600.935
0.240723 602.575
0.241211 604.212
0.241699 605.845
0.242188 607.475
0.242676 609.1
0.243164 610.723
0.243652 612.341
0.244141 613.956
0.244629 615.568
0.245117 617.176
0.245605 618.78
0.246094 620.381
0.246582 621.978
0.24707 623.571
0.247559 625.161
0.248047 626.747
0.248535 628.33
0.249023 629.909
0.249512 631.485
0.25 633.056
0.250488 634.625
0.250977 636.19
0.251465 637.751
0.251953 639.308
0.252441 640.862
0.25293 642.413
0.253418 643.96
0.253906 645.503
0.254395 647.043
0.254883 648.579
0.255371 650.112
0.255859 651.641
0.256348 653.167
0.256836 654.689
0.257324 656.207
0.257812 657.722
0.258301 659.234
0.258789 660.742
0.259277 662.246
0.259766 663.747
0.260254 665.244
0.260742 666.738
0.26123 668.228
0.261719 669.715
0.262207 671.198
0.262695 672.678
0.263184 674.154
0.263672 675.627
0.26416 677.096
0.264648 678.561
0.265137 680.024
0.265625 681.482
0.266113 682.937
0.266602 684.389
0.26709 685.837
0.267578 687.282
0.268066 688.723
0.268555 690.161
0.269043 691.595
0.269531 693.026
0.27002 694.453
0.270508 695.877
0.270996 697.297
0.271484 698.714
0.271973 700.127
0.272461 701.537
0.272949 702.944
0.273438 704.347
0.273926 705.747
0.274414 707.143
0.274902 708.535
0.275391 709.925
0.275879 711.31
0.276367 712.693
0.276855 714.072
0.277344 715.447
0.277832 716.819
0.27832 718.188
0.278809 719.553
0.279297 720.915
0.279785 722.273
0.280273 723.628
0.280762 724.98
0.28125 726.328
0.281738 727.672
0.282227 729.014
0.282715 730.352
0.283203 731.686
0.283691 733.017
0.28418 734.345
0.284668 735.669
0.285156 736.99
0.285645 738.308
0.286133 739.622
0.286621 740.933
0.287109 742.24
0.287598 743.544
0.288086 744.845
0.288574 746.142
0.289062 747.436
0.289551 748.727
0.290039 750.014
0.290527 751.298
0.291016 752.578
0.291504 753.855
0.291992 755.129
0.29248 756.399
0.292969 757.666
0.293457 758.93
0.293945 760.19
0.294434 761.447
0.294922 762.701
0.29541 763.952
0.295898 765.199
0.296387 766.442
0.296875 767.683
0.297363 768.92
0.297852 770.153
0.29834 771.384
0.298828 772.611
0.299316 773.835
0.299805 775.055
0.300293 776.272
0.300781 777.486
0.30127 778.697
0.301758 779.904
0.302246 781.108
0.302734 782.309
0.303223 783.506
0.303711 784.7
0.304199 785.891
0.304688 787.079
0.305176 788.263
0.305664 789.444
0.306152 790.622
0.306641 791.796
0.307129 792.967
0.307617 794.135
0.308105 795.3
0.308594 796.461
0.309082 797.619
0.30957 798.774
0.310059 799.925
0.310547 801.074
0.311035 802.219
0.311523 803.361
0.312012 804.499
0.3125 805.635
0.312988 806.767
0.313477 807.895
0.313965 809.021
0.314453 810.143
0.314941 811.263
0.31543 812.378
0.315918 813.491
0.316406 814.601
0.316895 815.707
0.317383 816.81
0.317871 817.91
0.318359 819.006
0.318848 820.1
0.319336 821.19
0.319824 822.277
0.320312 823.36
0.320801 824.441
0.321289 825.518
0.321777 826.592
0.322266 827.663
0.322754 828.731
0.323242 829.796
0.32373 830.857
0.324219 831.915
0.324707 832.97
0.325195 834.022
0.325684 835.07
0.326172 836.116
0.32666 837.158
0.327148 838.197
0.327637 839.233
0.328125 840.266
0.328613 841.295
0.329102 842.322
0.32959 843.345
0.330078 844.365
0.330566 845.382
0.331055 846.396
0.331543 847.406
0.332031 848.414
0.33252 849.418
0.333008 850.419
0.333496 851.417
0.333984 852.412
0.334473 853.404
0.334961 854.392
0.335449 855.378
0.335938 856.36
0.336426 857.339
0.336914 858.315
0.337402 859.288
0.337891 860.258
0.338379 861.224
0.338867 862.188
0.339355 863.148
0.339844 864.106
0.340332 865.06
0.34082 866.011
0.341309 866.959
0.341797 867.903
0.342285 868.845
0.342773 869.784
0.343262 870.719
0.34375 871.651
0.344238 872.581
0.344727 873.507
0.345215 874.43
0.345703 875.35
0.346191 876.267
0.34668 877.181
0.347168 878.091
0.347656 878.999
0.348145 879.903
0.348633 880.805
0.349121 881.703
0.349609 882.598
0.350098 883.491
0.350586 884.38
0.351074 885.266
0.351562 886.149
0.352051 887.028
0.352539 887.905
0.353027 888.779
0.353516 889.65
0.354004 890.517
0.354492 891.382
0.35498 892.243
0.355469 893.102
0.355957 893.957
0.356445 894.809
0.356934 895.658
0.357422 896.505
0.35791 897.348
0.358398 898.188
0.358887 899.025
0.359375 899.859
0.359863 900.69
0.360352 901.518
0.36084 902.343
0.361328 903.164
0.361816 903.983
0.362305 904.799
0.362793 905.612
0.363281 906.421
0.36377 907.228
0.364258 908.031
0.364746 908.832
0.365234 909.63
0.365723 910.424
0.366211 911.216
0.366699 912.004
0.367188 912.79
0.367676 913.572
0.368164 914.351
0.368652 915.128
0.369141 915.901
0.369629 916.672
0.370117 917.439
0.370605 918.203
0.371094 918.965
0.371582 919.723
0.37207 920.478
0.372559 921.231
0.373047 921.98
0.373535 922.726
0.374023 923.47
0.374512 924.21
0.375 924.947
0.375488 925.682
0.375977 926.413
0.376465 927.141
0.376953 927.867
0.377441 928.589
0.37793 929.309
0.378418 930.025
0.378906 930.738
0.379395 931.449
0.379883 932.156
0.380371 932.861
0.380859 933.562
0.381348 934.261
0.381836 934.956
0.382324 935.649
0.382812 936.339
0.383301 937.025
0.383789 937.709
0.384277 938.39
0.384766 939.067
0.385254 939.742
0.385742 940.414
0.38623 941.083
0.386719 941.749
0.387207 942.411
0.387695 943.071
0.388184 943.728
0.388672 944.382
0.38916 945.033
0.389648 945.682
0.390137 946.327
0.390625 946.969
0.391113 947.608
0.391602 948.245
0.39209 948.878
0.392578 949.508
0.393066 950.136
0.393555 950.76
0.394043 951.382
0.394531 952.001
0.39502 952.616
0.395508 953.229
0.395996 953.839
0.396484 954.446
0.396973 955.05
0.397461 955.651
0.397949 956.249
0.398438 956.844
0.398926 957.436
0.399414 958.025
0.399902 958.612
0.400391 959.195
0.400879 959.776
0.401367 960.353
0.401855 960.928
0.402344 961.5
0.402832 962.068
0.40332 962.634
0.403809 963.197
0.404297 963.757
0.404785 964.314
0.405273 964.869
0.405762 965.42
0.40625 965.968
0.406738 966.514
0.407227 967.056
0.407715 967.596
0.408203 968.133
0.408691 968.666
0.40918 969.197
0.409668 969.725
0.410156 970.25
0.410645 970.773
0.411133 971.292
0.411621 971.808
0.412109 972.322
0.412598 972.832
0.413086 973.34
0.413574 973.845
0.414062 974.347
0.414551 974.845
0.415039 975.342
0.415527 975.835
0.416016 976.325
0.416504 976.812
0.416992 977.297
0.41748 977.779
0.417969 978.257
0.418457 978.733
0.418945 979.206
0.419434 979.676
0.419922 980.143
0.42041 980.607
0.420898 981.069
0.421387 981.527
0.421875 981.983
0.422363 982.436
0.422852 982.885
0.42334 983.332
0.423828 983.777
0.424316 984.218
0.424805 984.656
0.425293 985.092
0.425781 985.524
0.42627 985.954
0.426758 986.381
0.427246 986.805
0.427734 987.226
0.428223 987.644
0.428711 988.059
0.429199 988.472
0.429688 988.881
0.430176 989.288
0.430664 989.692
0.431152 990.093
0.431641 990.491
0.432129 990.886
0.432617 991.278
0.433105 991.668
0.433594 992.054
0.434082 992.438
0.43457 992.819
0.435059 993.197
0.435547 993.572
0.436035 993.945
0.436523 994.314
0.437012 994.681
0.4375 995.044
0.437988 995.405
0.438477 995.763
0.438965 996.118
0.439453 996.471
0.439941 996.82
0.44043 997.167
0.440918 997.511
0.441406 997.851
0.441895 998.189
0.442383 998.525
0.442871 998.857
0.443359 999.186
0.443848 999.513
0.444336 999.837
0.444824 1000.16
0.445312 1000.48
0.445801 1000.79
0.446289 1001.1
0.446777 1001.41
0.447266 1001.72
0.447754 1002.02
0.448242 1002.32
0.44873 1002.62
0.449219 1002.92
0.449707 1003.21
0.450195 1003.5
0.450684 1003.79
0.451172 1004.07
0.45166 1004.35
0.452148 1004.63
0.452637 1004.91
0.453125 1005.18
0.453613 1005.45
0.454102 1005.71
0.45459 1005.98
0.455078 1006.24
0.455566 1006.5
0.456055 1006.75
0.456543 1007.01
0.457031 1007.26
0.45752 1007.5
0.458008 1007.75
0.458496 1007.99
0.458984 1008.23
0.459473 1008.46
0.459961 1008.7
0.460449 1008.93
0.460938 1009.15
0.461426 1009.38
0.461914 1009.6
0.462402 1009.82
0.462891 1010.03
0.463379 1010.25
0.463867 1010.46
0.464355 1010.66
0.464844 1010.87
0.465332 1011.07
0.46582 1011.27
0.466309 1011.46
0.466797 1011.66
0.467285 1011.85
0.467773 1012.04
0.468262 1012.22
0.46875 1012.4
0.469238 1012.58
0.469727 1012.76
0.470215 1012.93
0.470703 1013.1
0.471191 1013.27
0.47168 1013.43
0.472168 1013.6
0.472656 1013.76
0.473145 1013.91
0.473633 1014.07
0.474121 1014.22
0.474609 1014.36
0.475098 1014.51
0.475586 1014.65
0.476074 1014.79
0.476562 1014.93
0.477051 1015.06
0.477539 1015.19
0.478027 1015.32
0.478516 1015.45
0.479004 1015.57
0.479492 1015.69
0.47998 1015.81
0.480469 1015.92
0.480957 1016.03
0.481445 1016.14
0.481934 1016.25
0.482422 1016.35
0.48291 1016.45
0.483398 1016.55
0.483887 1016.64
0.484375 1016.73
0.484863 1016.82
0.485352 1016.91
0.48584 1016.99
0.486328 1017.07
0.486816 1017.15
0.487305 1017.22
0.487793 1017.29
0.488281 1017.36
0.48877 1017.43
0.489258 1017.49
0.489746 1017.55
0.490234 1017.61
0.490723 1017.67
0.491211 1017.72
0.491699 1017.77
0.492188 1017.81
0.492676 1017.86
0.493164 1017.9
0.493652 1017.94
0.494141 1017.97
0.494629 1018
0.495117 1018.03
0.495605 1018.06
0.496094 1018.08
0.496582 1018.11
0.49707 1018.12
0.497559 1018.14
0.498047 1018.15
0.498535 1018.16
0.499023 1018.17
0.499512 1018.17
0.5 1018.17
0.500488 1018.17
0.500977 1018.17
0.501465 1018.16
0.501953 1018.15
0.502441 1018.14
0.50293 1018.12
0.503418 1018.11
0.503906 1018.08
0.504395 1018.06
0.504883 1018.03
0.505371 1018
0.505859 1017.97
0.506348 1017.94
0.506836 1017.9
0.507324 1017.86
0.507812 1017.81
0.508301 1017.77
0.508789 1017.72
0.509277 1017.67
0.509766 1017.61
0.510254 1017.55
0.510742 1017.49
0.51123 1017.43
0.511719 1017.36
0.512207 1017.29
0.512695 1017.22
0.513184 1017.15
0.513672 1017.07
0.51416 1016.99
0.514648 1016.91
0.515137 1016.82
0.515625 1016.73
0.516113 1016.64
0.516602 1016.55
0.51709 1016.45
0.517578 1016.35
0.518066 1016.25
0.518555 1016.14
0.519043 1016.03
0.519531 1015.92
0.52002 1015.81
0.520508 1015.69
0.520996 1015.57
0.521484 1015.45
0.521973 1015.32
0.522461 1015.19
0.522949 1015.06
0.523438 1014.93
0.523926 1014.79
0.524414 1014.65
0.524902 1014.51
0.525391 1014.36
0.525879 1014.22
0.526367 1014.07
0.526855 1013.91
0.527344 1013.76
0.527832 1013.6
0.52832 1013.43
0.528809 1013.27
0.529297 1013.1
0.529785 1012.93
0.530273 1012.76
0.530762 1012.58
0.53125 1012.4
0.531738 1012.22
0.532227 1012.04
0.532715 1011.85
0.533203 1011.66
0.533691 1011.46
0.53418 1011.27
0.534668 1011.07
0.535156 1010.87
0.535645 1010.66
0.536133 1010.46
0.536621 1010.25
0.537109 1010.03
0.537598 1009.82
0.538086 1009.6
0.538574 1009.38
0.539062 1009.15
0.539551 1008.93
0.540039 1008.7
0.540527 1008.46
0.541016 1008.23
0.541504 1007.99
0.541992 1007.75
0.54248 1007.5
0.542969 1007.26
0.543457 1007.01
0.543945 1006.75
0.544434 1006.5
0.544922 1006.24
0.54541 1005.98
0.545898 1005.71
0.546387 1005.45
0.546875 1005.18
0.547363 1004.91
0.547852 1004.63
0.54834 1004.35
0.548828 1004.07
0.549316 1003.79
0.549805 1003.5
0.550293 1003.21
0.550781 1002.92
0.55127 1002.62
0.551758 1002.32
0.552246 1002.02
0.552734 1001.72
0.553223 1001.41
0.553711 1001.1
0.554199 1000.79
0.554688 1000.48
0.555176 1000.16
0.555664 999.837
0.556152 999.513
0.556641 999.186
0.557129 998.857
0.557617 998.525
0.558105 998.189
0.558594 997.851
0.559082 997.511
0.55957 997.167
0.560059 996.82
0.560547 996.471
0.561035 996.118
0.561523 995.763
0.562012 995.405
0.5625 995.044
0.562988 994.681
0.563477 994.314
0.563965 993.945
0.564453 993.572
0.564941 993.197
0.56543 992.819
0.565918 992.438
0.566406 992.054
0.566895 991.668
0.567383 991.278
0.567871 990.886
0.568359 990.491
0.568848 990.093
0.569336 989.692
0.569824 989.288
0.570312 988.881
0.570801 988.471
0.571289 988.059
0.571777 987.644
0.572266 987.226
0.572754 986.804
0.573242 986.381
0.57373 985.954
0.574219 985.524
0.574707 985.091
0.575195 984.656
0.575684 984.218
0.576172 983.776
0.57666 983.332
0.577148 982.885
0.577637 982.436
0.578125 981.983
0.578613 981.527
0.579102 981.069
0.57959 980.607
0.580078 980.143
0.580566 979.676
0.581055 979.206
0.581543 978.733
0.582031 978.257
0.58252 977.778
0.583008 977.297
0.583496 976.812
0.583984 976.325
0.584473 975.835
0.584961 975.341
0.585449 974.845
0.585938 974.346
0.586426 973.845
0.586914 973.34
0.587402 972.832
0.587891 972.322
0.588379 971.808
0.588867 971.292
0.589355 970.772
0.589844 970.25
0.590332 969.725
0.59082 969.197
0.591309 968.666
0.591797 968.132
0.592285 967.596
0.592773 967.056
0.593262 966.514
0.59375 965.968
0.594238 965.42
0.594727 964.868
0.595215 964.314
0.595703 963.757
0.596191 963.197
0.59668 962.634
0.597168 962.068
0.597656 961.499
0.598145 960.928
0.598633 960.353
0.599121 959.775
0.599609 959.195
0.600098 958.612
0.600586 958.025
0.601074 957.436
0.601562 956.844
0.602051 956.249
0.602539 955.65
0.603027 955.049
0.603516 954.445
0.604004 953.839
0.604492 953.229
0.60498 952.616
0.605469 952
0.605957 951.382
0.606445 950.76
0.606934 950.136
0.607422 949.508
0.60791 948.878
0.608398 948.244
0.608887 947.608
0.609375 946.969
0.609863 946.326
0.610352 945.681
0.61084 945.033
0.611328 944.382
0.611816 943.728
0.612305 943.071
0.612793 942.411
0.613281 941.748
0.61377 941.082
0.614258 940.414
0.614746 939.742
0.615234 939.067
0.615723 938.389
0.616211 937.709
0.616699 937.025
0.617188 936.338
0.617676 935.649
0.618164 934.956
0.618652 934.261
0.619141 933.562
0.619629 932.86
0.620117 932.156
0.620605 931.449
0.621094 930.738
0.621582 930.025
0.62207 929.308
0.622559 928.589
0.623047 927.866
0.623535 927.141
0.624023 926.413
0.624512 925.681
0.625 924.947
0.625488 924.21
0.625977 923.469
0.626465 922.726
0.626953 921.98
0.627441 921.23
0.62793 920.478
0.628418 919.723
0.628906 918.964
0.629395 918.203
0.629883 917.439
0.630371 916.671
0.630859 915.901
0.631348 915.127
0.631836 914.351
0.632324 913.572
0.632812 912.789
0.633301 912.004
0.633789 911.215
0.634277 910.424
0.634766 909.629
0.635254 908.832
0.635742 908.031
0.63623 907.227
0.636719 906.421
0.637207 905.611
0.637695 904.798
0.638184 903.983
0.638672 903.164
0.63916 902.342
0.639648 901.517
0.640137 900.689
0.640625 899.858
0.641113 899.024
0.641602 898.187
0.64209 897.347
0.642578 896.504
0.643066 895.658
0.643555 894.809
0.644043 893.956
0.644531 893.101
0.64502 892.243
0.645508 891.381
0.645996 890.517
0.646484 889.649
0.646973 888.778
0.647461 887.905
0.647949 887.028
0.648438 886.148
0.648926 885.265
0.649414 884.379
0.649902 883.49
0.650391 882.598
0.650879 881.702
0.651367 880.804
0.651855 879.903
0.652344 878.998
0.652832 878.091
0.65332 877.18
0.653809 876.266
0.654297 875.349
0.654785 874.429
0.655273 873.506
0.655762 872.58
0.65625 871.651
0.656738 870.718
0.657227 869.783
0.657715 868.844
0.658203 867.903
0.658691 866.958
0.65918 866.01
0.659668 865.059
0.660156 864.105
0.660645 863.147
0.661133 862.187
0.661621 861.223
0.662109 860.257
0.662598 859.287
0.663086 858.314
0.663574 857.338
0.664062 856.359
0.664551 855.377
0.665039 854.391
0.665527 853.403
0.666016 852.411
0.666504 851.416
0.666992 850.418
0.66748 849.417
0.667969 848.413
0.668457 847.405
0.668945 846.395
0.669434 845.381
0.669922 844.364
0.67041 843.344
0.670898 842.321
0.671387 841.294
0.671875 840.265
0.672363 839.232
0.672852 838.196
0.67334 837.157
0.673828 836.115
0.674316 835.069
0.674805 834.021
0.675293 832.969
0.675781 831.914
0.67627 830.856
0.676758 829.794
0.677246 828.73
0.677734 827.662
0.678223 826.591
0.678711 825.517
0.679199 824.44
0.679688 823.359
0.680176 822.275
0.680664 821.188
0.681152 820.098
0.681641 819.005
0.682129 817.908
0.682617 816.808
0.683105 815.705
0.683594 814.599
0.684082 813.49
0.68457 812.377
0.685059 811.261
0.685547 810.142
0.686035 809.02
0.686523 807.894
0.687012 806.765
0.6875 805.633
0.687988 804.498
0.688477 803.359
0.688965 802.217
0.689453 801.072
0.689941 799.924
0.69043 798.772
0.690918 797.617
0.691406 796.459
0.691895 795.298
0.692383 794.133
0.692871 792.965
0.693359 791.794
0.693848 790.62
0.694336 789.442
0.694824 788.261
0.695312 787.077
0.695801 785.889
0.696289 784.698
0.696777 783.504
0.697266 782.307
0.697754 781.106
0.698242 779.902
0.69873 778.695
0.699219 777.484
0.699707 776.27
0.700195 775.053
0.700684 773.833
0.701172 772.609
0.70166 771.382
0.702148 770.151
0.702637 768.917
0.703125 767.68
0.703613 766.44
0.704102 765.196
0.70459 763.949
0.705078 762.699
0.705566 761.445
0.706055 760.188
0.706543 758.928
0.707031 757.664
0.70752 756.397
0.708008 755.126
0.708496 753.853
0.708984 752.575
0.709473 751.295
0.709961 750.011
0.710449 748.724
0.710938 747.433
0.711426 746.139
0.711914 744.842
0.712402 743.541
0.712891 742.237
0.713379 740.93
0.713867 739.619
0.714355 738.305
0.714844 736.987
0.715332 735.666
0.71582 734.342
0.716309 733.014
0.716797 731.683
0.717285 730.349
0.717773 729.011
0.718262 727.669
0.71875 726.325
0.719238 724.976
0.719727 723.625
0.720215 722.27
0.720703 720.911
0.721191 719.55
0.72168 718.184
0.722168 716.816
0.722656 715.444
0.723145 714.068
0.723633 712.689
0.724121 711.307
0.724609 709.921
0.725098 708.532
0.725586 707.139
0.726074 705.743
0.726562 704.343
0.727051 702.94
0.727539 701.533
0.728027 700.123
0.728516 698.71
0.729004 697.293
0.729492 695.873
0.72998 694.449
0.730469 693.022
0.730957 691.591
0.731445 690.156
0.731934 688.719
0.732422 687.277
0.73291 685.833
0.733398 684.384
0.733887 682.933
0.734375 681.478
0.734863 680.019
0.735352 678.557
0.73584 677.091
0.736328 675.622
0.736816 674.149
0.737305 672.673
0.737793 671.193
0.738281 669.71
0.73877 668.223
0.739258 666.733
0.739746 665.239
0.740234 663.741
0.740723 662.24
0.741211 660.736
0.741699 659.228
0.742188 657.717
0.742676 656.202
0.743164 654.683
0.743652 653.161
0.744141 651.635
0.744629 650.106
0.745117 648.573
0.745605 647.037
0.746094 645.497
0.746582 643.954
0.74707 642.407
0.747559 640.856
0.748047 639.302
0.748535 637.744
0.749023 636.183
0.749512 634.618
0.75 633.05
0.750488 631.477
0.750977 629.902
0.751465 628.323
0.751953 626.74
0.752441 625.154
0.75293 623.564
0.753418 621.97
0.753906 620.373
0.754395 618.772
0.754883 617.168
0.755371 615.56
0.755859 613.948
0.756348 612.333
0.756836 610.714
0.757324 609.092
0.757812 607.466
0.758301 605.836
0.758789 604.203
0.759277 602.566
0.759766 600.926
0.760254 599.282
0.760742 597.634
0.76123 595.983
0.761719 594.328
0.762207 592.669
0.762695 591.007
0.763184 589.341
0.763672 587.672
0.76416 585.999
0.764648 584.322
0.765137 582.641
0.765625 580.957
0.766113 579.27
0.766602 577.578
0.76709 575.883
0.767578 574.185
0.768066 572.483
0.768555 570.777
0.769043 569.067
0.769531 567.354
0.77002 565.637
0.770508 563.917
0.770996 562.192
0.771484 560.465
0.771973 558.733
0.772461 556.998
0.772949 555.259
0.773438 553.517
0.773926 551.771
0.774414 550.021
0.774902 548.268
0.775391 546.511
0.775879 544.75
0.776367 542.985
0.776855 541.217
0.777344 539.446
0.777832 537.67
0.77832 535.891
0.778809 534.109
0.779297 532.323
0.779785 530.533
0.780273 528.739
0.780762 526.942
0.78125 525.141
0.781738 523.336
0.782227 521.528
0.782715 519.716
0.783203 517.901
0.783691 516.082
0.78418 514.259
0.784668 512.432
0.785156 510.602
0.785645 508.769
0.786133 506.931
0.786621 505.09
0.787109 503.246
0.787598 501.397
0.788086 499.545
0.788574 497.69
0.789062 495.831
0.789551 493.968
0.790039 492.102
0.790527 490.232
0.791016 488.358
0.791504 486.481
0.791992 484.6
0.79248 482.716
0.792969 480.828
0.793457 478.936
0.793945 477.041
0.794434 475.142
0.794922 473.24
0.79541 471.334
0.795898 469.424
0.796387 467.511
0.796875 465.595
0.797363 463.675
0.797852 461.751
0.79834 459.824
0.798828 457.893
0.799316 455.959
0.799805 454.021
0.800293 452.079
0.800781 450.135
0.80127 448.186
0.801758 446.235
0.802246 444.279
0.802734 442.32
0.803223 440.358
0.803711 438.392
0.804199 436.423
0.804688 434.451
0.805176 432.475
0.805664 430.495
0.806152 428.512
0.806641 426.526
0.807129 424.537
0.807617 422.544
0.808105 420.547
0.808594 418.547
0.809082 416.544
0.80957 414.538
0.810059 412.528
0.810547 410.515
0.811035 408.499
0.811523 406.479
0.812012 404.456
0.8125 402.43
0.812988 400.401
0.813477 398.368
0.813965 396.332
0.814453 394.293
0.814941 392.251
0.81543 390.206
0.815918 388.157
0.816406 386.106
0.816895 384.051
0.817383 381.993
0.817871 379.932
0.818359 377.869
0.818848 375.802
0.819336 373.732
0.819824 371.659
0.820312 369.583
0.820801 367.504
0.821289 365.422
0.821777 363.337
0.822266 361.25
0.822754 359.159
0.823242 357.066
0.82373 354.97
0.824219 352.871
0.824707 350.769
0.825195 348.665
0.825684 346.558
0.826172 344.448
0.82666 342.336
0.827148 340.22
0.827637 338.103
0.828125 335.983
0.828613 333.86
0.829102 331.734
0.82959 329.607
0.830078 327.476
0.830566 325.344
0.831055 323.209
0.831543 321.071
0.832031 318.932
0.83252 316.79
0.833008 314.646
0.833496 312.499
0.833984 310.351
0.834473 308.2
0.834961 306.047
0.835449 303.892
0.835938 301.735
0.836426 299.576
0.836914 297.415
0.837402 295.253
0.837891 293.088
0.838379 290.922
0.838867 288.754
0.839355 286.584
0.839844 284.412
0.840332 282.239
0.84082 280.064
0.841309 277.888
0.841797 275.71
0.842285 273.531
0.842773 271.35
0.843262 269.168
0.84375 266.985
0.844238 264.801
0.844727 262.615
0.845215 260.428
0.845703 258.24
0.846191 256.051
0.84668 253.861
0.847168 251.671
0.847656 249.479
0.848145 247.287
0.848633 245.094
0.849121 242.9
0.849609 240.705
0.850098 238.51
0.850586 236.315
0.851074 234.119
0.851562 231.923
0.852051 229.727
0.852539 227.53
0.853027 225.333
0.853516 223.136
0.854004 220.939
0.854492 218.742
0.85498 216.546
0.855469 214.349
0.855957 212.153
0.856445 209.957
0.856934 207.762
0.857422 205.567
0.85791 203.372
0.858398 201.178
0.858887 198.985
0.859375 196.793
0.859863 194.602
0.860352 192.412
0.86084 190.222
0.861328 188.034
0.861816 185.847
0.862305 183.662
0.862793 181.477
0.863281 179.295
0.86377 177.114
0.864258 174.934
0.864746 172.756
0.865234 170.58
0.865723 168.406
0.866211 166.234
0.866699 164.065
0.867188 161.897
0.867676 159.732
0.868164 157.569
0.868652 155.408
0.869141 153.251
0.869629 151.095
0.870117 148.943
0.870605 146.794
0.871094 144.647
0.871582 142.504
0.87207 140.364
0.872559 138.227
0.873047 136.094
0.873535 133.964
0.874023 131.838
0.874512 129.715
0.875 127.597
0.875488 125.482
0.875977 123.372
0.876465 121.265
0.876953 119.164
0.877441 117.066
0.87793 114.973
0.878418 112.885
0.878906 110.801
0.879395 108.723
0.879883 106.649
0.880371 104.581
0.880859 102.517
0.881348 100.46
0.881836 98.4074
0.882324 96.3609
0.882812 94.3202
0.883301 92.2854
0.883789 90.2566
0.884277 88.234
0.884766 86.2178
0.885254 84.2081
0.885742 82.2049
0.88623 80.2085
0.886719 78.219
0.887207 76.2365
0.887695 74.2612
0.888184 72.2932
0.888672 70.3327
0.88916 68.3798
0.889648 66.4347
0.890137 64.4976
0.890625 62.5685
0.891113 60.6477
0.891602 58.7353
0.89209 56.8315
0.892578 54.9364
0.893066 53.0502
0.893555 51.1732
0.894043 49.3054
0.894531 47.447
0.89502 45.5982
0.895508 43.7593
0.895996 41.9303
0.896484 40.1116
0.896973 38.3032
0.897461 36.5053
0.897949 34.7183
0.898438 32.9422
0.898926 31.1773
0.899414 29.4239
0.899902 27.682
0.900391 25.9521
0.900879 24.2342
0.901367 22.5286
0.901855 20.8356
0.902344 19.1554
0.902832 17.4883
0.90332 15.8346
0.903809 14.1945
0.904297 12.5683
0.904785 10.9563
0.905273 9.35883
0.905762 7.77619
0.90625 6.20872
0.906738 4.65678
0.907227 3.12075
0.907715 1.60103
0.908203 0.0981522
0.908691 -1.3872
0.90918 -2.85385
0.909668 -4.2994
0.910156 -5.71842
0.910645 -7.09812
0.911133 -8.4093
0.911621 -9.59277
0.912109 -10.5574
0.912598 -11.2275
0.913086 -11.6165
0.913574 -11.8144
0.914062 -11.911
0.914551 -11.9606
0.915039 -11.9896
0.915527 -12.0098
0.916016 -12.0261
0.916504 -12.0407
0.916992 -12.0545
0.91748 -12.0679
0.917969 -12.081
0.918457 -12.094
0.918945 -12.1069
0.919434 -12.1197
0.919922 -12.1325
0.92041 -12.1451
0.920898 -12.1577
0.921387 -12.1702
0.921875 -12.1827
0.922363 -12.1951
0.922852 -12.2074
0.92334 -12.2196
0.923828 -12.2318
0.924316 -12.244
0.924805 -12.2561
0.925293 -12.2681
0.925781 -12.2801
0.92627 -12.292
0.926758 -12.3039
0.927246 -12.3157
0.927734 -12.3274
0.928223 -12.3391
0.928711 -12.3508
0.929199 -12.3624
0.929688 -12.374
0.930176 -12.3855
0.930664 -12.397
0.931152 -12.4084
0.931641 -12.4198
0.932129 -12.4311
0.932617 -12.4424
0.933105 -12.4536
0.933594 -12.4648
0.934082 -12.476
0.93457 -12.4871
0.935059 -12.4982
0.935547 -12.5092
0.936035 -12.5202
0.936523 -12.5311
0.937012 -12.542
0.9375 -12.5529
0.937988 -12.5638
0.938477 -12.5746
0.938965 -12.5853
0.939453 -12.596
0.939941 -12.6067
0.94043 -12.6174
0.940918 -12.628
0.941406 -12.6386
0.941895 -12.6491
0.942383 -12.6596
0.942871 -12.6701
0.943359 -12.6806
0.943848 -12.691
0.944336 -12.7014
0.944824 -12.7117
0.945312 -12.722
0.945801 -12.7323
0.946289 -12.7426
0.946777 -12.7528
0.947266 -12.763
0.947754 -12.7731
0.948242 -12.7833
0.94873 -12.7934
0.949219 -12.8034
0.949707 -12.8135
0.950195 -12.8235
0.950684 -12.8335
0.951172 -12.8435
0.95166 -12.8534
0.952148 -12.8633
0.952637 -12.8732
0.953125 -12.883
0.953613 -12.8928
0.954102 -12.9026
0.95459 -12.9124
0.955078 -12.9222
0.955566 -12.9319
0.956055 -12.9416
0.956543 -12.9512
0.957031 -12.9609
0.95752 -12.9705
0.958008 -12.9801
0.958496 -12.9897
0.958984 -12.9992
0.959473 -13.0087
0.959961 -13.0182
0.960449 -13.0277
0.960938 -13.0372
0.961426 -13.0466
0.961914 -13.056
0.962402 -13.0654
0.962891 -13.0748
0.963379 -13.0841
0.963867 -13.0934
0.964355 -13.1027
0.964844 -13.112
0.965332 -13.1213
0.96582 -13.1305
0.966309 -13.1397
0.966797 -13.1489
0.967285 -13.1581
0.967773 -13.1672
0.968262 -13.1764
0.96875 -13.1855
0.969238 -13.1946
0.969727 -13.2036
0.970215 -13.2127
0.970703 -13.2217
0.971191 -13.2307
0.97168 -13.2397
0.972168 -13.2487
0.972656 -13.2577
0.973145 -13.2666
0.973633 -13.2755
0.974121 -13.2844
0.974609 -13.2933
0.975098 -13.3022
0.975586 -13.311
0.976074 -13.3199
0.976562 -13.3287
0.977051 -13.3375
0.977539 -13.3463
0.978027 -13.355
0.978516 -13.3638
0.979004 -13.3725
0.979492 -13.3812
0.97998 -13.3899
0.980469 -13.3986
0.980957 -13.4072
0.981445 -13.4159
0.981934 -13.4245
0.982422 -13.4331
0.98291 -13.4417
0.983398 -13.4503
0.983887 -13.4589
0.984375 -13.4674
0.984863 -13.476
0.985352 -13.4845
0.98584 -13.493
0.986328 -13.5015
0.986816 -13.51
0.987305 -13.5184
0.987793 -13.5269
0.988281 -13.5353
0.98877 -13.5437
0.989258 -13.5521
0.989746 -13.5605
0.990234 -13.5689
0.990723 -13.5772
0.991211 -13.5856
0.991699 -13.5939
0.992188 -13.6022
0.992676 -13.6105
0.993164 -13.6188
0.993652 -13.6271
0.994141 -13.6354
0.994629 -13.6436
0.995117 -13.6518
0.995605 -13.6601
0.996094 -13.6683
0.996582 -13.6765
0.99707 -13.6847
0.997559 -13.6928
0.998047 -13.701
0.998535 -13.7091
0.999023 -13.7173
0.999512 -13.7254
1 -13.7335
------------
