k:1020_n:2040_sigma:10_iters:3
Printing log2 count distribution: 
0 -inf
0.000490196 -14.6985
0.000980392 -14.6935
0.00147059 -14.6885
0.00196078 -14.6835
0.00245098 -14.6785
0.00294118 -14.6735
0.00343137 -14.6685
0.00392157 -14.6634
0.00441176 -14.6584
0.00490196 -14.6533
0.00539216 -14.6482
0.00588235 -14.6432
0.00637255 -14.6381
0.00686275 -14.633
0.00735294 -14.6279
0.00784314 -14.6228
0.00833333 -14.6176
0.00882353 -14.6125
0.00931373 -14.6074
0.00980392 -14.6022
0.0102941 -14.5971
0.0107843 -14.5919
0.0112745 -14.5867
0.0117647 -14.5815
0.0122549 -14.5763
0.0127451 -14.5711
0.0132353 -14.5659
0.0137255 -14.5607
0.0142157 -14.5554
0.0147059 -14.5502
0.0151961 -14.5449
0.0156863 -14.5397
0.0161765 -14.5344
0.0166667 -14.5291
0.0171569 -14.5238
0.0176471 -14.5185
0.0181373 -14.5132
0.0186275 -14.5079
0.0191176 -14.5025
0.0196078 -14.4972
0.020098 -14.4918
0.0205882 -14.4865
0.0210784 -14.4811
0.0215686 -14.4757
0.0220588 -14.4703
0.022549 -14.4649
0.0230392 -14.4595
0.0235294 -14.4541
0.0240196 -14.4486
0.0245098 -14.4432
0.025 -14.4377
0.0254902 -14.4322
0.0259804 -14.4268
0.0264706 -14.4213
0.0269608 -14.4158
0.027451 -14.4103
0.0279412 -14.4047
0.0284314 -14.3992
0.0289216 -14.3936
0.0294118 -14.3881
0.029902 -14.3825
0.0303922 -14.3769
0.0308824 -14.3713
0.0313725 -14.3657
0.0318627 -14.3601
0.0323529 -14.3545
0.0328431 -14.3489
0.0333333 -14.3432
0.0338235 -14.3375
0.0343137 -14.3319
0.0348039 -14.3262
0.0352941 -14.3205
0.0357843 -14.3148
0.0362745 -14.3091
0.0367647 -14.3033
0.0372549 -14.2976
0.0377451 -14.2918
0.0382353 -14.2861
0.0387255 -14.2803
0.0392157 -14.2745
0.0397059 -14.2687
0.0401961 -14.2629
0.0406863 -14.257
0.0411765 -14.2512
0.0416667 -14.2453
0.0421569 -14.2395
0.0426471 -14.2336
0.0431373 -14.2277
0.0436275 -14.2218
0.0441176 -14.2158
0.0446078 -14.2099
0.045098 -14.204
0.0455882 -14.198
0.0460784 -14.192
0.0465686 -14.186
0.0470588 -14.18
0.047549 -14.174
0.0480392 -14.168
0.0485294 -14.162
0.0490196 -14.1559
0.0495098 -14.1498
0.05 -14.1438
0.0504902 -14.1377
0.0509804 -14.1316
0.0514706 -14.1254
0.0519608 -14.1193
0.052451 -14.1131
0.0529412 -14.107
0.0534314 -14.1008
0.0539216 -14.0946
0.0544118 -14.0884
0.054902 -14.0822
0.0553922 -14.0759
0.0558824 -14.0697
0.0563725 -14.0634
0.0568627 -14.0571
0.0573529 -14.0508
0.0578431 -14.0445
0.0583333 -14.0382
0.0588235 -14.0318
0.0593137 -14.0255
0.0598039 -14.0191
0.0602941 -14.0127
0.0607843 -14.0063
0.0612745 -13.9999
0.0617647 -13.9934
0.0622549 -13.987
0.0627451 -13.9805
0.0632353 -13.974
0.0637255 -13.9675
0.0642157 -13.961
0.0647059 -13.9544
0.0651961 -13.9479
0.0656863 -13.9413
0.0661765 -13.9347
0.0666667 -13.9281
0.0671569 -13.9215
0.0676471 -13.9148
0.0681373 -13.9082
0.0686275 -13.9015
0.0691176 -13.8948
0.0696078 -13.8881
0.070098 -13.8814
0.0705882 -13.8746
0.0710784 -13.8678
0.0715686 -13.8611
0.0720588 -13.8543
0.072549 -13.8474
0.0730392 -13.8406
0.0735294 -13.8337
0.0740196 -13.8269
0.0745098 -13.82
0.075 -13.813
0.0754902 -13.8061
0.0759804 -13.7992
0.0764706 -13.7922
0.0769608 -13.7852
0.077451 -13.7782
0.0779412 -13.7711
0.0784314 -13.7641
0.0789216 -13.757
0.0794118 -13.7499
0.079902 -13.7428
0.0803922 -13.7356
0.0808824 -13.7285
0.0813725 -13.7213
0.0818627 -13.7141
0.0823529 -13.7069
0.0828431 -13.6996
0.0833333 -13.6924
0.0838235 -13.6851
0.0843137 -13.6778
0.0848039 -13.6704
0.0852941 -13.6631
0.0857843 -13.6557
0.0862745 -13.6483
0.0867647 -13.6408
0.0872549 -13.6334
0.0877451 -13.6259
0.0882353 -13.6184
0.0887255 -13.6109
0.0892157 -13.6033
0.0897059 -13.5958
0.0901961 -13.5881
0.0906863 -13.5804
0.0911765 -13.5726
0.0916667 -13.5644
0.0921569 -13.5552
0.0926471 -13.5431
0.0931373 -13.5223
0.0936275 -13.4757
0.0941176 -13.3547
0.0946078 -13.0423
0.095098 -12.3559
0.0955882 -11.2114
0.0960784 -9.73723
0.0965686 -8.10259
0.0970588 -6.39936
0.097549 -4.66278
0.0980392 -2.90481
0.0985294 -1.12948
0.0990196 0.661729
0.0995098 2.46813
0.1 4.28926
0.10049 6.12477
0.10098 7.97433
0.101471 9.83762
0.101961 11.7143
0.102451 13.6042
0.102941 15.5069
0.103431 17.4221
0.103922 19.3497
0.104412 21.2893
0.104902 23.2407
0.105392 25.2036
0.105882 27.1777
0.106373 29.1629
0.106863 31.1589
0.107353 33.1655
0.107843 35.1824
0.108333 37.2094
0.108824 39.2463
0.109314 41.2928
0.109804 43.3489
0.110294 45.4142
0.110784 47.4885
0.111275 49.5716
0.111765 51.6635
0.112255 53.7637
0.112745 55.8722
0.113235 57.9887
0.113725 60.1132
0.114216 62.2453
0.114706 64.3848
0.115196 66.5317
0.115686 68.6858
0.116176 70.8468
0.116667 73.0145
0.117157 75.1889
0.117647 77.3697
0.118137 79.5568
0.118627 81.7499
0.119118 83.949
0.119608 86.1538
0.120098 88.3643
0.120588 90.5802
0.121078 92.8013
0.121569 95.0276
0.122059 97.2589
0.122549 99.4949
0.123039 101.736
0.123529 103.981
0.12402 106.231
0.12451 108.484
0.125 110.742
0.12549 113.004
0.12598 115.27
0.126471 117.539
0.126961 119.812
0.127451 122.088
0.127941 124.367
0.128431 126.65
0.128922 128.935
0.129412 131.223
0.129902 133.514
0.130392 135.808
0.130882 138.104
0.131373 140.402
0.131863 142.702
0.132353 145.005
0.132843 147.309
0.133333 149.616
0.133824 151.923
0.134314 154.233
0.134804 156.544
0.135294 158.857
0.135784 161.17
0.136275 163.485
0.136765 165.801
0.137255 168.118
0.137745 170.435
0.138235 172.754
0.138725 175.072
0.139216 177.392
0.139706 179.712
0.140196 182.032
0.140686 184.352
0.141176 186.673
0.141667 188.993
0.142157 191.313
0.142647 193.634
0.143137 195.954
0.143627 198.273
0.144118 200.592
0.144608 202.911
0.145098 205.229
0.145588 207.546
0.146078 209.863
0.146569 212.179
0.147059 214.494
0.147549 216.807
0.148039 219.12
0.148529 221.432
0.14902 223.742
0.14951 226.051
0.15 228.359
0.15049 230.665
0.15098 232.97
0.151471 235.273
0.151961 237.574
0.152451 239.874
0.152941 242.172
0.153431 244.468
0.153922 246.762
0.154412 249.055
0.154902 251.345
0.155392 253.633
0.155882 255.919
0.156373 258.203
0.156863 260.485
0.157353 262.764
0.157843 265.041
0.158333 267.316
0.158824 269.588
0.159314 271.858
0.159804 274.126
0.160294 276.39
0.160784 278.652
0.161275 280.912
0.161765 283.169
0.162255 285.423
0.162745 287.674
0.163235 289.922
0.163725 292.168
0.164216 294.41
0.164706 296.65
0.165196 298.887
0.165686 301.121
0.166176 303.351
0.166667 305.579
0.167157 307.803
0.167647 310.025
0.168137 312.243
0.168627 314.458
0.169118 316.67
0.169608 318.878
0.170098 321.084
0.170588 323.286
0.171078 325.484
0.171569 327.68
0.172059 329.872
0.172549 332.06
0.173039 334.245
0.173529 336.427
0.17402 338.605
0.17451 340.78
0.175 342.951
0.17549 345.119
0.17598 347.283
0.176471 349.444
0.176961 351.601
0.177451 353.754
0.177941 355.904
0.178431 358.05
0.178922 360.192
0.179412 362.331
0.179902 364.466
0.180392 366.598
0.180882 368.725
0.181373 370.849
0.181863 372.97
0.182353 375.086
0.182843 377.199
0.183333 379.308
0.183824 381.413
0.184314 383.515
0.184804 385.612
0.185294 387.706
0.185784 389.796
0.186275 391.882
0.186765 393.965
0.187255 396.043
0.187745 398.118
0.188235 400.189
0.188725 402.256
0.189216 404.319
0.189706 406.378
0.190196 408.433
0.190686 410.485
0.191176 412.532
0.191667 414.576
0.192157 416.615
0.192647 418.651
0.193137 420.683
0.193627 422.711
0.194118 424.735
0.194608 426.755
0.195098 428.771
0.195588 430.783
0.196078 432.791
0.196569 434.796
0.197059 436.796
0.197549 438.792
0.198039 440.785
0.198529 442.773
0.19902 444.758
0.19951 446.738
0.2 448.715
0.20049 450.687
0.20098 452.656
0.201471 454.621
0.201961 456.581
0.202451 458.538
0.202941 460.491
0.203431 462.44
0.203922 464.385
0.204412 466.325
0.204902 468.262
0.205392 470.195
0.205882 472.124
0.206373 474.049
0.206863 475.97
0.207353 477.887
0.207843 479.8
0.208333 481.709
0.208824 483.615
0.209314 485.516
0.209804 487.413
0.210294 489.306
0.210784 491.196
0.211275 493.081
0.211765 494.962
0.212255 496.84
0.212745 498.713
0.213235 500.583
0.213725 502.448
0.214216 504.31
0.214706 506.167
0.215196 508.021
0.215686 509.871
0.216176 511.717
0.216667 513.559
0.217157 515.397
0.217647 517.231
0.218137 519.061
0.218627 520.887
0.219118 522.709
0.219608 524.527
0.220098 526.342
0.220588 528.152
0.221078 529.959
0.221569 531.761
0.222059 533.56
0.222549 535.355
0.223039 537.146
0.223529 538.933
0.22402 540.716
0.22451 542.495
0.225 544.27
0.22549 546.042
0.22598 547.809
0.226471 549.573
0.226961 551.333
0.227451 553.089
0.227941 554.841
0.228431 556.589
0.228922 558.333
0.229412 560.074
0.229902 561.81
0.230392 563.543
0.230882 565.272
0.231373 566.997
0.231863 568.718
0.232353 570.435
0.232843 572.149
0.233333 573.858
0.233824 575.564
0.234314 577.266
0.234804 578.964
0.235294 580.658
0.235784 582.349
0.236275 584.036
0.236765 585.719
0.237255 587.398
0.237745 589.073
0.238235 590.744
0.238725 592.412
0.239216 594.076
0.239706 595.736
0.240196 597.392
0.240686 599.045
0.241176 600.694
0.241667 602.339
0.242157 603.98
0.242647 605.617
0.243137 607.251
0.243627 608.881
0.244118 610.507
0.244608 612.13
0.245098 613.748
0.245588 615.363
0.246078 616.975
0.246569 618.582
0.247059 620.186
0.247549 621.786
0.248039 623.382
0.248529 624.975
0.24902 626.563
0.24951 628.149
0.25 629.73
0.25049 631.308
0.25098 632.882
0.251471 634.452
0.251961 636.019
0.252451 637.582
0.252941 639.141
0.253431 640.697
0.253922 642.249
0.254412 643.797
0.254902 645.341
0.255392 646.882
0.255882 648.42
0.256373 649.953
0.256863 651.483
0.257353 653.009
0.257843 654.532
0.258333 656.051
0.258824 657.566
0.259314 659.078
0.259804 660.586
0.260294 662.091
0.260784 663.591
0.261275 665.089
0.261765 666.582
0.262255 668.072
0.262745 669.558
0.263235 671.041
0.263725 672.52
0.264216 673.996
0.264706 675.468
0.265196 676.936
0.265686 678.401
0.266176 679.862
0.266667 681.32
0.267157 682.774
0.267647 684.224
0.268137 685.671
0.268627 687.115
0.269118 688.554
0.269608 689.991
0.270098 691.423
0.270588 692.852
0.271078 694.278
0.271569 695.7
0.272059 697.119
0.272549 698.533
0.273039 699.945
0.273529 701.353
0.27402 702.757
0.27451 704.158
0.275 705.555
0.27549 706.949
0.27598 708.339
0.276471 709.726
0.276961 711.109
0.277451 712.489
0.277941 713.865
0.278431 715.238
0.278922 716.607
0.279412 717.973
0.279902 719.336
0.280392 720.694
0.280882 722.05
0.281373 723.402
0.281863 724.75
0.282353 726.095
0.282843 727.436
0.283333 728.774
0.283824 730.109
0.284314 731.44
0.284804 732.768
0.285294 734.092
0.285784 735.413
0.286275 736.73
0.286765 738.044
0.287255 739.354
0.287745 740.661
0.288235 741.965
0.288725 743.265
0.289216 744.562
0.289706 745.855
0.290196 747.145
0.290686 748.431
0.291176 749.715
0.291667 750.994
0.292157 752.27
0.292647 753.543
0.293137 754.813
0.293627 756.079
0.294118 757.342
0.294608 758.601
0.295098 759.857
0.295588 761.109
0.296078 762.358
0.296569 763.604
0.297059 764.847
0.297549 766.086
0.298039 767.321
0.298529 768.554
0.29902 769.783
0.29951 771.008
0.3 772.23
0.30049 773.449
0.30098 774.665
0.301471 775.877
0.301961 777.086
0.302451 778.291
0.302941 779.493
0.303431 780.692
0.303922 781.888
0.304412 783.08
0.304902 784.269
0.305392 785.454
0.305882 786.637
0.306373 787.815
0.306863 788.991
0.307353 790.163
0.307843 791.332
0.308333 792.498
0.308824 793.66
0.309314 794.819
0.309804 795.975
0.310294 797.128
0.310784 798.277
0.311275 799.423
0.311765 800.565
0.312255 801.704
0.312745 802.84
0.313235 803.973
0.313725 805.103
0.314216 806.229
0.314706 807.352
0.315196 808.471
0.315686 809.588
0.316176 810.701
0.316667 811.811
0.317157 812.918
0.317647 814.021
0.318137 815.121
0.318627 816.218
0.319118 817.311
0.319608 818.402
0.320098 819.489
0.320588 820.573
0.321078 821.654
0.321569 822.731
0.322059 823.805
0.322549 824.876
0.323039 825.944
0.323529 827.008
0.32402 828.07
0.32451 829.128
0.325 830.183
0.32549 831.234
0.32598 832.283
0.326471 833.328
0.326961 834.37
0.327451 835.409
0.327941 836.444
0.328431 837.477
0.328922 838.506
0.329412 839.532
0.329902 840.555
0.330392 841.574
0.330882 842.591
0.331373 843.604
0.331863 844.614
0.332353 845.621
0.332843 846.625
0.333333 847.625
0.333824 848.622
0.334314 849.617
0.334804 850.608
0.335294 851.596
0.335784 852.58
0.336275 853.562
0.336765 854.54
0.337255 855.515
0.337745 856.487
0.338235 857.456
0.338725 858.422
0.339216 859.385
0.339706 860.344
0.340196 861.3
0.340686 862.253
0.341176 863.203
0.341667 864.15
0.342157 865.094
0.342647 866.035
0.343137 866.972
0.343627 867.906
0.344118 868.838
0.344608 869.766
0.345098 870.691
0.345588 871.612
0.346078 872.531
0.346569 873.447
0.347059 874.359
0.347549 875.269
0.348039 876.175
0.348529 877.078
0.34902 877.978
0.34951 878.875
0.35 879.769
0.35049 880.659
0.35098 881.547
0.351471 882.432
0.351961 883.313
0.352451 884.191
0.352941 885.067
0.353431 885.939
0.353922 886.808
0.354412 887.674
0.354902 888.537
0.355392 889.396
0.355882 890.253
0.356373 891.107
0.356863 891.957
0.357353 892.805
0.357843 893.649
0.358333 894.49
0.358824 895.329
0.359314 896.164
0.359804 896.996
0.360294 897.825
0.360784 898.651
0.361275 899.474
0.361765 900.294
0.362255 901.111
0.362745 901.925
0.363235 902.735
0.363725 903.543
0.364216 904.347
0.364706 905.149
0.365196 905.948
0.365686 906.743
0.366176 907.535
0.366667 908.325
0.367157 909.111
0.367647 909.894
0.368137 910.675
0.368627 911.452
0.369118 912.226
0.369608 912.997
0.370098 913.765
0.370588 914.53
0.371078 915.293
0.371569 916.052
0.372059 916.808
0.372549 917.561
0.373039 918.311
0.373529 919.058
0.37402 919.801
0.37451 920.542
0.375 921.28
0.37549 922.015
0.37598 922.747
0.376471 923.476
0.376961 924.202
0.377451 924.925
0.377941 925.645
0.378431 926.361
0.378922 927.075
0.379412 927.786
0.379902 928.494
0.380392 929.199
0.380882 929.901
0.381373 930.599
0.381863 931.295
0.382353 931.988
0.382843 932.678
0.383333 933.365
0.383824 934.049
0.384314 934.73
0.384804 935.408
0.385294 936.083
0.385784 936.755
0.386275 937.424
0.386765 938.09
0.387255 938.753
0.387745 939.413
0.388235 940.07
0.388725 940.724
0.389216 941.375
0.389706 942.023
0.390196 942.668
0.390686 943.31
0.391176 943.95
0.391667 944.586
0.392157 945.219
0.392647 945.85
0.393137 946.477
0.393627 947.101
0.394118 947.723
0.394608 948.341
0.395098 948.957
0.395588 949.57
0.396078 950.179
0.396569 950.786
0.397059 951.39
0.397549 951.99
0.398039 952.588
0.398529 953.183
0.39902 953.775
0.39951 954.364
0.4 954.95
0.40049 955.533
0.40098 956.113
0.401471 956.691
0.401961 957.265
0.402451 957.836
0.402941 958.405
0.403431 958.97
0.403922 959.533
0.404412 960.092
0.404902 960.649
0.405392 961.203
0.405882 961.753
0.406373 962.301
0.406863 962.846
0.407353 963.388
0.407843 963.927
0.408333 964.463
0.408824 964.997
0.409314 965.527
0.409804 966.054
0.410294 966.579
0.410784 967.1
0.411275 967.619
0.411765 968.135
0.412255 968.648
0.412745 969.157
0.413235 969.664
0.413725 970.168
0.414216 970.67
0.414706 971.168
0.415196 971.663
0.415686 972.156
0.416176 972.645
0.416667 973.132
0.417157 973.615
0.417647 974.096
0.418137 974.574
0.418627 975.049
0.419118 975.521
0.419608 975.99
0.420098 976.456
0.420588 976.92
0.421078 977.38
0.421569 977.838
0.422059 978.292
0.422549 978.744
0.423039 979.193
0.423529 979.639
0.42402 980.082
0.42451 980.522
0.425 980.96
0.42549 981.394
0.42598 981.825
0.426471 982.254
0.426961 982.68
0.427451 983.103
0.427941 983.523
0.428431 983.94
0.428922 984.354
0.429412 984.765
0.429902 985.174
0.430392 985.579
0.430882 985.982
0.431373 986.381
0.431863 986.778
0.432353 987.172
0.432843 987.563
0.433333 987.952
0.433824 988.337
0.434314 988.72
0.434804 989.099
0.435294 989.476
0.435784 989.85
0.436275 990.221
0.436765 990.589
0.437255 990.954
0.437745 991.317
0.438235 991.676
0.438725 992.033
0.439216 992.386
0.439706 992.737
0.440196 993.085
0.440686 993.43
0.441176 993.773
0.441667 994.112
0.442157 994.449
0.442647 994.782
0.443137 995.113
0.443627 995.441
0.444118 995.766
0.444608 996.089
0.445098 996.408
0.445588 996.724
0.446078 997.038
0.446569 997.349
0.447059 997.657
0.447549 997.962
0.448039 998.264
0.448529 998.563
0.44902 998.86
0.44951 999.154
0.45 999.444
0.45049 999.732
0.45098 1000.02
0.451471 1000.3
0.451961 1000.58
0.452451 1000.86
0.452941 1001.13
0.453431 1001.4
0.453922 1001.67
0.454412 1001.93
0.454902 1002.2
0.455392 1002.45
0.455882 1002.71
0.456373 1002.96
0.456863 1003.22
0.457353 1003.46
0.457843 1003.71
0.458333 1003.95
0.458824 1004.19
0.459314 1004.43
0.459804 1004.66
0.460294 1004.89
0.460784 1005.12
0.461275 1005.35
0.461765 1005.57
0.462255 1005.79
0.462745 1006
0.463235 1006.22
0.463725 1006.43
0.464216 1006.64
0.464706 1006.84
0.465196 1007.04
0.465686 1007.24
0.466176 1007.44
0.466667 1007.64
0.467157 1007.83
0.467647 1008.01
0.468137 1008.2
0.468627 1008.38
0.469118 1008.56
0.469608 1008.74
0.470098 1008.91
0.470588 1009.08
0.471078 1009.25
0.471569 1009.42
0.472059 1009.58
0.472549 1009.74
0.473039 1009.9
0.473529 1010.05
0.47402 1010.2
0.47451 1010.35
0.475 1010.5
0.47549 1010.64
0.47598 1010.78
0.476471 1010.92
0.476961 1011.05
0.477451 1011.18
0.477941 1011.31
0.478431 1011.44
0.478922 1011.56
0.479412 1011.68
0.479902 1011.8
0.480392 1011.91
0.480882 1012.03
0.481373 1012.14
0.481863 1012.24
0.482353 1012.34
0.482843 1012.44
0.483333 1012.54
0.483824 1012.64
0.484314 1012.73
0.484804 1012.82
0.485294 1012.9
0.485784 1012.99
0.486275 1013.07
0.486765 1013.15
0.487255 1013.22
0.487745 1013.29
0.488235 1013.36
0.488725 1013.43
0.489216 1013.49
0.489706 1013.55
0.490196 1013.61
0.490686 1013.67
0.491176 1013.72
0.491667 1013.77
0.492157 1013.81
0.492647 1013.86
0.493137 1013.9
0.493627 1013.94
0.494118 1013.97
0.494608 1014.01
0.495098 1014.04
0.495588 1014.06
0.496078 1014.09
0.496569 1014.11
0.497059 1014.13
0.497549 1014.14
0.498039 1014.15
0.498529 1014.16
0.49902 1014.17
0.49951 1014.18
0.5 1014.18
0.50049 1014.18
0.50098 1014.17
0.501471 1014.16
0.501961 1014.15
0.502451 1014.14
0.502941 1014.13
0.503431 1014.11
0.503922 1014.09
0.504412 1014.06
0.504902 1014.04
0.505392 1014.01
0.505882 1013.97
0.506373 1013.94
0.506863 1013.9
0.507353 1013.86
0.507843 1013.81
0.508333 1013.77
0.508824 1013.72
0.509314 1013.67
0.509804 1013.61
0.510294 1013.55
0.510784 1013.49
0.511275 1013.43
0.511765 1013.36
0.512255 1013.29
0.512745 1013.22
0.513235 1013.15
0.513725 1013.07
0.514216 1012.99
0.514706 1012.9
0.515196 1012.82
0.515686 1012.73
0.516176 1012.64
0.516667 1012.54
0.517157 1012.44
0.517647 1012.34
0.518137 1012.24
0.518627 1012.14
0.519118 1012.03
0.519608 1011.91
0.520098 1011.8
0.520588 1011.68
0.521078 1011.56
0.521569 1011.44
0.522059 1011.31
0.522549 1011.18
0.523039 1011.05
0.523529 1010.92
0.52402 1010.78
0.52451 1010.64
0.525 1010.5
0.52549 1010.35
0.52598 1010.2
0.526471 1010.05
0.526961 1009.9
0.527451 1009.74
0.527941 1009.58
0.528431 1009.42
0.528922 1009.25
0.529412 1009.08
0.529902 1008.91
0.530392 1008.74
0.530882 1008.56
0.531373 1008.38
0.531863 1008.2
0.532353 1008.01
0.532843 1007.83
0.533333 1007.64
0.533824 1007.44
0.534314 1007.24
0.534804 1007.04
0.535294 1006.84
0.535784 1006.64
0.536275 1006.43
0.536765 1006.22
0.537255 1006
0.537745 1005.79
0.538235 1005.57
0.538725 1005.35
0.539216 1005.12
0.539706 1004.89
0.540196 1004.66
0.540686 1004.43
0.541176 1004.19
0.541667 1003.95
0.542157 1003.71
0.542647 1003.46
0.543137 1003.22
0.543627 1002.96
0.544118 1002.71
0.544608 1002.45
0.545098 1002.2
0.545588 1001.93
0.546078 1001.67
0.546569 1001.4
0.547059 1001.13
0.547549 1000.86
0.548039 1000.58
0.548529 1000.3
0.54902 1000.02
0.54951 999.732
0.55 999.444
0.55049 999.153
0.55098 998.86
0.551471 998.563
0.551961 998.264
0.552451 997.962
0.552941 997.657
0.553431 997.349
0.553922 997.038
0.554412 996.724
0.554902 996.408
0.555392 996.088
0.555882 995.766
0.556373 995.441
0.556863 995.113
0.557353 994.782
0.557843 994.449
0.558333 994.112
0.558824 993.773
0.559314 993.43
0.559804 993.085
0.560294 992.737
0.560784 992.386
0.561275 992.033
0.561765 991.676
0.562255 991.317
0.562745 990.954
0.563235 990.589
0.563725 990.221
0.564216 989.85
0.564706 989.476
0.565196 989.099
0.565686 988.72
0.566176 988.337
0.566667 987.952
0.567157 987.563
0.567647 987.172
0.568137 986.778
0.568627 986.381
0.569118 985.982
0.569608 985.579
0.570098 985.174
0.570588 984.765
0.571078 984.354
0.571569 983.94
0.572059 983.523
0.572549 983.103
0.573039 982.68
0.573529 982.254
0.57402 981.825
0.57451 981.394
0.575 980.96
0.57549 980.522
0.57598 980.082
0.576471 979.639
0.576961 979.193
0.577451 978.744
0.577941 978.292
0.578431 977.838
0.578922 977.38
0.579412 976.92
0.579902 976.456
0.580392 975.99
0.580882 975.521
0.581373 975.049
0.581863 974.574
0.582353 974.096
0.582843 973.615
0.583333 973.132
0.583824 972.645
0.584314 972.156
0.584804 971.663
0.585294 971.168
0.585784 970.67
0.586275 970.168
0.586765 969.664
0.587255 969.157
0.587745 968.648
0.588235 968.135
0.588725 967.619
0.589216 967.1
0.589706 966.579
0.590196 966.054
0.590686 965.527
0.591176 964.997
0.591667 964.463
0.592157 963.927
0.592647 963.388
0.593137 962.846
0.593627 962.301
0.594118 961.753
0.594608 961.203
0.595098 960.649
0.595588 960.092
0.596078 959.533
0.596569 958.97
0.597059 958.405
0.597549 957.836
0.598039 957.265
0.598529 956.691
0.59902 956.113
0.59951 955.533
0.6 954.95
0.60049 954.364
0.60098 953.775
0.601471 953.183
0.601961 952.588
0.602451 951.99
0.602941 951.39
0.603431 950.786
0.603922 950.179
0.604412 949.57
0.604902 948.957
0.605392 948.341
0.605882 947.723
0.606373 947.101
0.606863 946.477
0.607353 945.85
0.607843 945.219
0.608333 944.586
0.608824 943.95
0.609314 943.31
0.609804 942.668
0.610294 942.023
0.610784 941.375
0.611275 940.724
0.611765 940.07
0.612255 939.413
0.612745 938.753
0.613235 938.089
0.613725 937.423
0.614216 936.755
0.614706 936.083
0.615196 935.408
0.615686 934.73
0.616176 934.049
0.616667 933.365
0.617157 932.678
0.617647 931.988
0.618137 931.295
0.618627 930.599
0.619118 929.901
0.619608 929.199
0.620098 928.494
0.620588 927.786
0.621078 927.075
0.621569 926.361
0.622059 925.644
0.622549 924.925
0.623039 924.202
0.623529 923.476
0.62402 922.747
0.62451 922.015
0.625 921.28
0.62549 920.542
0.62598 919.801
0.626471 919.057
0.626961 918.31
0.627451 917.561
0.627941 916.808
0.628431 916.052
0.628922 915.292
0.629412 914.53
0.629902 913.765
0.630392 912.997
0.630882 912.226
0.631373 911.452
0.631863 910.675
0.632353 909.894
0.632843 909.111
0.633333 908.325
0.633824 907.535
0.634314 906.743
0.634804 905.947
0.635294 905.149
0.635784 904.347
0.636275 903.543
0.636765 902.735
0.637255 901.924
0.637745 901.111
0.638235 900.294
0.638725 899.474
0.639216 898.651
0.639706 897.825
0.640196 896.996
0.640686 896.164
0.641176 895.329
0.641667 894.49
0.642157 893.649
0.642647 892.805
0.643137 891.957
0.643627 891.107
0.644118 890.253
0.644608 889.396
0.645098 888.536
0.645588 887.674
0.646078 886.808
0.646569 885.939
0.647059 885.066
0.647549 884.191
0.648039 883.313
0.648529 882.431
0.64902 881.547
0.64951 880.659
0.65 879.769
0.65049 878.875
0.65098 877.978
0.651471 877.078
0.651961 876.175
0.652451 875.268
0.652941 874.359
0.653431 873.447
0.653922 872.531
0.654412 871.612
0.654902 870.69
0.655392 869.765
0.655882 868.837
0.656373 867.906
0.656863 866.972
0.657353 866.034
0.657843 865.094
0.658333 864.15
0.658824 863.203
0.659314 862.253
0.659804 861.3
0.660294 860.344
0.660784 859.384
0.661275 858.422
0.661765 857.456
0.662255 856.487
0.662745 855.515
0.663235 854.54
0.663725 853.561
0.664216 852.58
0.664706 851.595
0.665196 850.607
0.665686 849.616
0.666176 848.622
0.666667 847.625
0.667157 846.624
0.667647 845.621
0.668137 844.614
0.668627 843.604
0.669118 842.59
0.669608 841.574
0.670098 840.554
0.670588 839.532
0.671078 838.506
0.671569 837.476
0.672059 836.444
0.672549 835.408
0.673039 834.369
0.673529 833.327
0.67402 832.282
0.67451 831.234
0.675 830.182
0.67549 829.127
0.67598 828.069
0.676471 827.008
0.676961 825.943
0.677451 824.876
0.677941 823.805
0.678431 822.731
0.678922 821.653
0.679412 820.572
0.679902 819.489
0.680392 818.401
0.680882 817.311
0.681373 816.217
0.681863 815.121
0.682353 814.02
0.682843 812.917
0.683333 811.811
0.683824 810.701
0.684314 809.587
0.684804 808.471
0.685294 807.351
0.685784 806.228
0.686275 805.102
0.686765 803.973
0.687255 802.84
0.687745 801.704
0.688235 800.565
0.688725 799.422
0.689216 798.276
0.689706 797.127
0.690196 795.975
0.690686 794.819
0.691176 793.66
0.691667 792.497
0.692157 791.332
0.692647 790.163
0.693137 788.991
0.693627 787.815
0.694118 786.636
0.694608 785.454
0.695098 784.268
0.695588 783.079
0.696078 781.887
0.696569 780.692
0.697059 779.493
0.697549 778.291
0.698039 777.085
0.698529 775.876
0.69902 774.664
0.69951 773.449
0.7 772.23
0.70049 771.008
0.70098 769.782
0.701471 768.553
0.701961 767.321
0.702451 766.085
0.702941 764.846
0.703431 763.604
0.703922 762.358
0.704412 761.109
0.704902 759.856
0.705392 758.6
0.705882 757.341
0.706373 756.078
0.706863 754.812
0.707353 753.543
0.707843 752.27
0.708333 750.994
0.708824 749.714
0.709314 748.431
0.709804 747.144
0.710294 745.854
0.710784 744.561
0.711275 743.264
0.711765 741.964
0.712255 740.661
0.712745 739.354
0.713235 738.043
0.713725 736.729
0.714216 735.412
0.714706 734.091
0.715196 732.767
0.715686 731.439
0.716176 730.108
0.716667 728.774
0.717157 727.436
0.717647 726.094
0.718137 724.749
0.718627 723.401
0.719118 722.049
0.719608 720.693
0.720098 719.335
0.720588 717.972
0.721078 716.607
0.721569 715.237
0.722059 713.864
0.722549 712.488
0.723039 711.108
0.723529 709.725
0.72402 708.338
0.72451 706.948
0.725 705.554
0.72549 704.157
0.72598 702.756
0.726471 701.352
0.726961 699.944
0.727451 698.532
0.727941 697.117
0.728431 695.699
0.728922 694.277
0.729412 692.851
0.729902 691.422
0.730392 689.989
0.730882 688.553
0.731373 687.113
0.731863 685.67
0.732353 684.223
0.732843 682.773
0.733333 681.319
0.733824 679.861
0.734314 678.4
0.734804 676.935
0.735294 675.466
0.735784 673.995
0.736275 672.519
0.736765 671.04
0.737255 669.557
0.737745 668.071
0.738235 666.581
0.738725 665.087
0.739216 663.59
0.739706 662.089
0.740196 660.584
0.740686 659.076
0.741176 657.565
0.741667 656.049
0.742157 654.53
0.742647 653.008
0.743137 651.481
0.743627 649.951
0.744118 648.418
0.744608 646.88
0.745098 645.339
0.745588 643.795
0.746078 642.247
0.746569 640.695
0.747059 639.139
0.747549 637.58
0.748039 636.017
0.748529 634.45
0.74902 632.88
0.74951 631.306
0.75 629.728
0.75049 628.146
0.75098 626.561
0.751471 624.972
0.751961 623.38
0.752451 621.783
0.752941 620.183
0.753431 618.58
0.753922 616.972
0.754412 615.361
0.754902 613.746
0.755392 612.127
0.755882 610.505
0.756373 608.878
0.756863 607.248
0.757353 605.615
0.757843 603.977
0.758333 602.336
0.758824 600.691
0.759314 599.042
0.759804 597.389
0.760294 595.733
0.760784 594.073
0.761275 592.409
0.761765 590.741
0.762255 589.07
0.762745 587.394
0.763235 585.715
0.763725 584.032
0.764216 582.346
0.764706 580.655
0.765196 578.961
0.765686 577.262
0.766176 575.56
0.766667 573.855
0.767157 572.145
0.767647 570.431
0.768137 568.714
0.768627 566.993
0.769118 565.268
0.769608 563.539
0.770098 561.806
0.770588 560.069
0.771078 558.329
0.771569 556.585
0.772059 554.836
0.772549 553.084
0.773039 551.328
0.773529 549.568
0.77402 547.805
0.77451 546.037
0.775 544.266
0.77549 542.49
0.77598 540.711
0.776471 538.928
0.776961 537.141
0.777451 535.35
0.777941 533.555
0.778431 531.756
0.778922 529.953
0.779412 528.147
0.779902 526.336
0.780392 524.522
0.780882 522.703
0.781373 520.881
0.781863 519.055
0.782353 517.224
0.782843 515.39
0.783333 513.552
0.783824 511.71
0.784314 509.864
0.784804 508.014
0.785294 506.161
0.785784 504.303
0.786275 502.441
0.786765 500.575
0.787255 498.706
0.787745 496.832
0.788235 494.955
0.788725 493.073
0.789216 491.188
0.789706 489.298
0.790196 487.405
0.790686 485.507
0.791176 483.606
0.791667 481.701
0.792157 479.791
0.792647 477.878
0.793137 475.961
0.793627 474.04
0.794118 472.115
0.794608 470.185
0.795098 468.252
0.795588 466.315
0.796078 464.374
0.796569 462.429
0.797059 460.48
0.797549 458.527
0.798039 456.57
0.798529 454.609
0.79902 452.644
0.79951 450.676
0.8 448.703
0.80049 446.726
0.80098 444.745
0.801471 442.76
0.801961 440.772
0.802451 438.779
0.802941 436.782
0.803431 434.782
0.803922 432.777
0.804412 430.769
0.804902 428.756
0.805392 426.74
0.805882 424.72
0.806373 422.695
0.806863 420.667
0.807353 418.635
0.807843 416.599
0.808333 414.559
0.808824 412.515
0.809314 410.467
0.809804 408.416
0.810294 406.36
0.810784 404.3
0.811275 402.237
0.811765 400.17
0.812255 398.099
0.812745 396.024
0.813235 393.945
0.813725 391.862
0.814216 389.775
0.814706 387.685
0.815196 385.591
0.815686 383.492
0.816176 381.391
0.816667 379.285
0.817157 377.175
0.817647 375.062
0.818137 372.945
0.818627 370.824
0.819118 368.7
0.819608 366.571
0.820098 364.44
0.820588 362.304
0.821078 360.164
0.821569 358.021
0.822059 355.875
0.822549 353.724
0.823039 351.57
0.823529 349.413
0.82402 347.251
0.82451 345.087
0.825 342.918
0.82549 340.746
0.82598 338.571
0.826471 336.392
0.826961 334.21
0.827451 332.024
0.827941 329.835
0.828431 327.642
0.828922 325.446
0.829412 323.246
0.829902 321.043
0.830392 318.837
0.830882 316.628
0.831373 314.415
0.831863 312.199
0.832353 309.98
0.832843 307.758
0.833333 305.532
0.833824 303.303
0.834314 301.072
0.834804 298.837
0.835294 296.599
0.835784 294.358
0.836275 292.115
0.836765 289.868
0.837255 287.618
0.837745 285.366
0.838235 283.111
0.838725 280.853
0.839216 278.592
0.839706 276.329
0.840196 274.063
0.840686 271.794
0.841176 269.523
0.841667 267.249
0.842157 264.973
0.842647 262.694
0.843137 260.413
0.843627 258.13
0.844118 255.845
0.844608 253.557
0.845098 251.267
0.845588 248.975
0.846078 246.681
0.846569 244.385
0.847059 242.087
0.847549 239.787
0.848039 237.486
0.848529 235.182
0.84902 232.877
0.84951 230.571
0.85 228.262
0.85049 225.953
0.85098 223.641
0.851471 221.329
0.851961 219.015
0.852451 216.7
0.852941 214.384
0.853431 212.067
0.853922 209.749
0.854412 207.43
0.854902 205.11
0.855392 202.79
0.855882 200.468
0.856373 198.147
0.856863 195.824
0.857353 193.502
0.857843 191.179
0.858333 188.855
0.858824 186.532
0.859314 184.209
0.859804 181.885
0.860294 179.562
0.860784 177.239
0.861275 174.917
0.861765 172.595
0.862255 170.273
0.862745 167.952
0.863235 165.632
0.863725 163.313
0.864216 160.994
0.864706 158.677
0.865196 156.361
0.865686 154.046
0.866176 151.733
0.866667 149.421
0.867157 147.111
0.867647 144.802
0.868137 142.496
0.868627 140.191
0.869118 137.889
0.869608 135.588
0.870098 133.291
0.870588 130.995
0.871078 128.703
0.871569 126.413
0.872059 124.125
0.872549 121.841
0.873039 119.56
0.873529 117.283
0.87402 115.009
0.87451 112.738
0.875 110.471
0.87549 108.208
0.87598 105.949
0.876471 103.694
0.876961 101.443
0.877451 99.1968
0.877941 96.9551
0.878431 94.7181
0.878922 92.486
0.879412 90.259
0.879902 88.0371
0.880392 85.8206
0.880882 83.6096
0.881373 81.4042
0.881863 79.2047
0.882353 77.0112
0.882843 74.8238
0.883333 72.6428
0.883824 70.4683
0.884314 68.3005
0.884804 66.1395
0.885294 63.9855
0.885784 61.8388
0.886275 59.6994
0.886765 57.5676
0.887255 55.4436
0.887745 53.3275
0.888235 51.2196
0.888725 49.12
0.889216 47.0289
0.889706 44.9466
0.890196 42.8731
0.890686 40.8088
0.891176 38.7539
0.891667 36.7085
0.892157 34.6729
0.892647 32.6472
0.893137 30.6318
0.893627 28.6268
0.894118 26.6324
0.894608 24.649
0.895098 22.6767
0.895588 20.7158
0.896078 18.7665
0.896569 16.8291
0.897059 14.9038
0.897549 12.991
0.898039 11.0908
0.898529 9.20366
0.89902 7.32975
0.89951 5.4694
0.9 3.62293
0.90049 1.79064
0.90098 -0.0271024
0.901471 -1.8299
0.901961 -3.61718
0.902451 -5.38783
0.902941 -7.13902
0.903431 -8.86244
0.903922 -10.5332
0.904412 -12.0821
0.904902 -13.3611
0.905392 -14.2023
0.905882 -14.6176
0.906373 -14.7847
0.906863 -14.849
0.907353 -14.8769
0.907843 -14.8926
0.908333 -14.9042
0.908824 -14.9144
0.909314 -14.9241
0.909804 -14.9336
0.910294 -14.9431
0.910784 -14.9525
0.911275 -14.9619
0.911765 -14.9712
0.912255 -14.9806
0.912745 -14.9899
0.913235 -14.9991
0.913725 -15.0084
0.914216 -15.0176
0.914706 -15.0269
0.915196 -15.0361
0.915686 -15.0452
0.916176 -15.0544
0.916667 -15.0635
0.917157 -15.0726
0.917647 -15.0817
0.918137 -15.0908
0.918627 -15.0998
0.919118 -15.1088
0.919608 -15.1179
0.920098 -15.1268
0.920588 -15.1358
0.921078 -15.1448
0.921569 -15.1537
0.922059 -15.1626
0.922549 -15.1715
0.923039 -15.1804
0.923529 -15.1892
0.92402 -15.198
0.92451 -15.2069
0.925 -15.2157
0.92549 -15.2244
0.92598 -15.2332
0.926471 -15.2419
0.926961 -15.2507
0.927451 -15.2594
0.927941 -15.2681
0.928431 -15.2767
0.928922 -15.2854
0.929412 -15.294
0.929902 -15.3026
0.930392 -15.3113
0.930882 -15.3198
0.931373 -15.3284
0.931863 -15.337
0.932353 -15.3455
0.932843 -15.354
0.933333 -15.3625
0.933824 -15.371
0.934314 -15.3795
0.934804 -15.388
0.935294 -15.3964
0.935784 -15.4048
0.936275 -15.4132
0.936765 -15.4216
0.937255 -15.43
0.937745 -15.4384
0.938235 -15.4467
0.938725 -15.4551
0.939216 -15.4634
0.939706 -15.4717
0.940196 -15.48
0.940686 -15.4883
0.941176 -15.4966
0.941667 -15.5048
0.942157 -15.513
0.942647 -15.5213
0.943137 -15.5295
0.943627 -15.5377
0.944118 -15.5459
0.944608 -15.554
0.945098 -15.5622
0.945588 -15.5703
0.946078 -15.5784
0.946569 -15.5866
0.947059 -15.5947
0.947549 -15.6027
0.948039 -15.6108
0.948529 -15.6189
0.94902 -15.6269
0.94951 -15.635
0.95 -15.643
0.95049 -15.651
0.95098 -15.659
0.951471 -15.667
0.951961 -15.675
0.952451 -15.6829
0.952941 -15.6909
0.953431 -15.6988
0.953922 -15.7067
0.954412 -15.7146
0.954902 -15.7225
0.955392 -15.7304
0.955882 -15.7383
0.956373 -15.7462
0.956863 -15.754
0.957353 -15.7619
0.957843 -15.7697
0.958333 -15.7775
0.958824 -15.7853
0.959314 -15.7931
0.959804 -15.8009
0.960294 -15.8087
0.960784 -15.8165
0.961275 -15.8242
0.961765 -15.832
0.962255 -15.8397
0.962745 -15.8474
0.963235 -15.8551
0.963725 -15.8628
0.964216 -15.8705
0.964706 -15.8782
0.965196 -15.8858
0.965686 -15.8935
0.966176 -15.9011
0.966667 -15.9088
0.967157 -15.9164
0.967647 -15.924
0.968137 -15.9316
0.968627 -15.9392
0.969118 -15.9468
0.969608 -15.9544
0.970098 -15.962
0.970588 -15.9695
0.971078 -15.9771
0.971569 -15.9846
0.972059 -15.9921
0.972549 -15.9996
0.973039 -16.0071
0.973529 -16.0146
0.97402 -16.0221
0.97451 -16.0296
0.975 -16.0371
0.97549 -16.0445
0.97598 -16.052
0.976471 -16.0594
0.976961 -16.0669
0.977451 -16.0743
0.977941 -16.0817
0.978431 -16.0891
0.978922 -16.0965
0.979412 -16.1039
0.979902 -16.1113
0.980392 -16.1186
0.980882 -16.126
0.981373 -16.1334
0.981863 -16.1407
0.982353 -16.148
0.982843 -16.1554
0.983333 -16.1627
0.983824 -16.17
0.984314 -16.1773
0.984804 -16.1846
0.985294 -16.1919
0.985784 -16.1992
0.986275 -16.2064
0.986765 -16.2137
0.987255 -16.2209
0.987745 -16.2282
0.988235 -16.2354
0.988725 -16.2427
0.989216 -16.2499
0.989706 -16.2571
0.990196 -16.2643
0.990686 -16.2715
0.991176 -16.2787
0.991667 -16.2859
0.992157 -16.293
0.992647 -16.3002
0.993137 -16.3074
0.993627 -16.3145
0.994118 -16.3217
0.994608 -16.3288
0.995098 -16.3359
0.995588 -16.3431
0.996078 -16.3502
0.996569 -16.3573
0.997059 -16.3644
0.997549 -16.3715
0.998039 -16.3786
0.998529 -16.3856
0.99902 -16.3927
0.99951 -16.3998
1 -16.4068
------------
