k:100_n:200_sigma:10_iters:5
Printing log2 count distribution: 
0 -inf
0.005 -16.9633
0.01 -16.9215
0.015 -16.8791
0.02 -16.8361
0.025 -16.7926
0.03 -16.7485
0.035 -16.7037
0.04 -16.6584
0.045 -16.6124
0.05 -16.5658
0.055 -16.5185
0.06 -16.4705
0.065 -16.4217
0.07 -16.3718
0.075 -16.318
0.08 -16.2377
0.085 -15.9561
0.09 -14.7283
0.095 -12.1761
0.1 -9.18574
0.105 -6.17329
0.11 -3.20824
0.115 -0.301204
0.12 2.54584
0.125 5.33272
0.13 8.05992
0.135 10.7283
0.14 13.3389
0.145 15.893
0.15 18.3916
0.155 20.8361
0.16 23.2276
0.165 25.5673
0.17 27.8562
0.175 30.0955
0.18 32.2862
0.185 34.4293
0.19 36.5256
0.195 38.5761
0.2 40.5815
0.205 42.5428
0.21 44.4606
0.215 46.3357
0.22 48.1687
0.225 49.9604
0.23 51.7113
0.235 53.422
0.24 55.0931
0.245 56.7253
0.25 58.3188
0.255 59.8744
0.26 61.3924
0.265 62.8733
0.27 64.3175
0.275 65.7255
0.28 67.0976
0.285 68.4343
0.29 69.7359
0.295 71.0027
0.3 72.2352
0.305 73.4335
0.31 74.5981
0.315 75.7292
0.32 76.8272
0.325 77.8922
0.33 78.9245
0.335 79.9244
0.34 80.8922
0.345 81.828
0.35 82.7321
0.355 83.6047
0.36 84.446
0.365 85.2561
0.37 86.0353
0.375 86.7838
0.38 87.5016
0.385 88.189
0.39 88.8461
0.395 89.4731
0.4 90.07
0.405 90.637
0.41 91.1743
0.415 91.6819
0.42 92.1599
0.425 92.6085
0.43 93.0278
0.435 93.4177
0.44 93.7785
0.445 94.1101
0.45 94.4126
0.455 94.6862
0.46 94.9308
0.465 95.1466
0.47 95.3334
0.475 95.4915
0.48 95.6208
0.485 95.7213
0.49 95.7931
0.495 95.8362
0.5 95.8505
0.505 95.8362
0.51 95.7931
0.515 95.7213
0.52 95.6208
0.525 95.4915
0.53 95.3334
0.535 95.1466
0.54 94.9308
0.545 94.6862
0.55 94.4126
0.555 94.1101
0.56 93.7785
0.565 93.4177
0.57 93.0278
0.575 92.6085
0.58 92.1599
0.585 91.6819
0.59 91.1743
0.595 90.637
0.6 90.07
0.605 89.4731
0.61 88.8461
0.615 88.189
0.62 87.5016
0.625 86.7838
0.63 86.0353
0.635 85.2561
0.64 84.446
0.645 83.6047
0.65 82.7321
0.655 81.828
0.66 80.8922
0.665 79.9244
0.67 78.9245
0.675 77.8921
0.68 76.8271
0.685 75.7292
0.69 74.5981
0.695 73.4335
0.7 72.2351
0.705 71.0026
0.71 69.7358
0.715 68.4342
0.72 67.0974
0.725 65.7253
0.73 64.3172
0.735 62.873
0.74 61.392
0.745 59.874
0.75 58.3184
0.755 56.7247
0.76 55.0926
0.765 53.4213
0.77 51.7105
0.775 49.9595
0.78 48.1677
0.785 46.3346
0.79 44.4593
0.795 42.5414
0.8 40.5799
0.805 38.5742
0.81 36.5235
0.815 34.427
0.82 32.2836
0.825 30.0926
0.83 27.8529
0.835 25.5635
0.84 23.2234
0.845 20.8313
0.85 18.3861
0.855 15.8866
0.86 13.3316
0.865 10.7197
0.87 8.04966
0.875 5.32038
0.88 2.53076
0.885 -0.319996
0.89 -3.2322
0.895 -6.20505
0.9 -9.23344
0.905 -12.2846
0.91 -15.1351
0.915 -16.9503
0.92 -17.4803
0.925 -17.6127
0.93 -17.6886
0.935 -17.7574
0.94 -17.8247
0.945 -17.8912
0.95 -17.9572
0.955 -18.0225
0.96 -18.0873
0.965 -18.1516
0.97 -18.2154
0.975 -18.2786
0.98 -18.3414
0.985 -18.4038
0.99 -18.4657
0.995 -18.5272
1 -inf
------------
