k:506_n:1012_sigma:46_iters:1
Printing log2 count distribution: 
0 -79.2235
0.000988142 -73.6999
0.00197628 -69.2081
0.00296443 -65.3336
0.00395257 -61.9073
0.00494071 -58.837
0.00592885 -56.0644
0.006917 -53.5498
0.00790514 -51.2644
0.00889328 -49.1864
0.00988142 -47.2989
0.0108696 -45.5884
0.0118577 -44.044
0.0128458 -42.657
0.013834 -41.42
0.0148221 -40.3269
0.0158103 -39.3727
0.0167984 -38.5532
0.0177866 -37.8652
0.0187747 -37.3057
0.0197628 -36.8726
0.020751 -36.5641
0.0217391 -36.3786
0.0227273 -36.3139
0.0237154 -36.3655
0.0247036 -36.5194
0.0256917 -36.733
0.0266798 -36.8881
0.027668 -36.7618
0.0286561 -36.2073
0.0296443 -35.3606
0.0306324 -34.4285
0.0316206 -33.5161
0.0326087 -32.6582
0.0335968 -31.8641
0.034585 -31.1356
0.0355731 -30.4726
0.0365613 -29.8745
0.0375494 -29.3407
0.0385375 -28.8706
0.0395257 -28.4633
0.0405138 -28.1181
0.041502 -27.8334
0.0424901 -27.6071
0.0434783 -27.4349
0.0444664 -27.3087
0.0454545 -27.2138
0.0464427 -27.1238
0.0474308 -26.9971
0.048419 -26.7825
0.0494071 -26.441
0.0503953 -25.9719
0.0513834 -25.4122
0.0523715 -24.8098
0.0533597 -24.2026
0.0543478 -23.6139
0.055336 -23.0562
0.0563241 -22.5356
0.0573123 -22.0547
0.0583004 -21.6145
0.0592885 -21.2151
0.0602767 -20.8559
0.0612648 -20.5359
0.062253 -20.2533
0.0632411 -20.0051
0.0642292 -19.7869
0.0652174 -19.5918
0.0662055 -19.4094
0.0671937 -19.2253
0.0681818 -19.0214
0.06917 -18.7786
0.0701581 -18.482
0.0711462 -18.1266
0.0721344 -17.7193
0.0731225 -17.2753
0.0741107 -16.8127
0.0750988 -16.3475
0.076087 -15.8916
0.0770751 -15.4535
0.0780632 -15.038
0.0790514 -14.6482
0.0800395 -14.2854
0.0810277 -13.95
0.0820158 -13.6412
0.083004 -13.3578
0.0839921 -13.0974
0.0849802 -12.8565
0.0859684 -12.6304
0.0869565 -12.4128
0.0879447 -12.1958
0.0889328 -11.9703
0.0899209 -11.7271
0.0909091 -11.4585
0.0918972 -11.1601
0.0928854 -10.8319
0.0938735 -10.4782
0.0948617 -10.1064
0.0958498 -9.72503
0.0968379 -9.34227
0.0978261 -8.96501
0.0988142 -8.5985
0.0998024 -8.24647
0.100791 -7.91129
0.101779 -7.59418
0.102767 -7.29546
0.103755 -7.01459
0.104743 -6.7502
0.105731 -6.49982
0.106719 -6.25782
0.107708 -6.00164
0.108696 -5.6072
0.109684 -4.56767
0.110672 -2.36254
0.11166 0.459885
0.112648 3.40688
0.113636 6.36221
0.114625 9.30714
0.115613 12.2389
0.116601 15.1571
0.117589 18.0617
0.118577 20.9529
0.119565 23.8307
0.120553 26.6953
0.121542 29.5466
0.12253 32.3849
0.123518 35.2101
0.124506 38.0223
0.125494 40.8217
0.126482 43.6083
0.12747 46.3822
0.128458 49.1435
0.129447 51.8922
0.130435 54.6284
0.131423 57.3522
0.132411 60.0637
0.133399 62.7629
0.134387 65.4499
0.135375 68.1248
0.136364 70.7877
0.137352 73.4386
0.13834 76.0776
0.139328 78.7047
0.140316 81.3201
0.141304 83.9238
0.142292 86.5158
0.143281 89.0962
0.144269 91.6651
0.145257 94.2226
0.146245 96.7687
0.147233 99.3034
0.148221 101.827
0.149209 104.339
0.150198 106.84
0.151186 109.33
0.152174 111.809
0.153162 114.277
0.15415 116.734
0.155138 119.181
0.156126 121.616
0.157115 124.041
0.158103 126.455
0.159091 128.858
0.160079 131.251
0.161067 133.633
0.162055 136.004
0.163043 138.365
0.164032 140.716
0.16502 143.057
0.166008 145.387
0.166996 147.707
0.167984 150.016
0.168972 152.316
0.16996 154.605
0.170949 156.885
0.171937 159.154
0.172925 161.413
0.173913 163.663
0.174901 165.902
0.175889 168.132
0.176877 170.352
0.177866 172.562
0.178854 174.763
0.179842 176.953
0.18083 179.134
0.181818 181.306
0.182806 183.468
0.183794 185.62
0.184783 187.763
0.185771 189.897
0.186759 192.021
0.187747 194.136
0.188735 196.241
0.189723 198.337
0.190711 200.424
0.1917 202.502
0.192688 204.571
0.193676 206.63
0.194664 208.68
0.195652 210.722
0.19664 212.754
0.197628 214.777
0.198617 216.791
0.199605 218.797
0.200593 220.793
0.201581 222.78
0.202569 224.759
0.203557 226.729
0.204545 228.69
0.205534 230.642
0.206522 232.586
0.20751 234.521
0.208498 236.447
0.209486 238.365
0.210474 240.274
0.211462 242.175
0.212451 244.067
0.213439 245.95
0.214427 247.825
0.215415 249.692
0.216403 251.55
0.217391 253.4
0.218379 255.241
0.219368 257.075
0.220356 258.899
0.221344 260.716
0.222332 262.524
0.22332 264.324
0.224308 266.116
0.225296 267.9
0.226285 269.675
0.227273 271.442
0.228261 273.202
0.229249 274.953
0.230237 276.696
0.231225 278.431
0.232213 280.158
0.233202 281.877
0.23419 283.589
0.235178 285.292
0.236166 286.987
0.237154 288.675
0.238142 290.354
0.23913 292.026
0.240119 293.69
0.241107 295.346
0.242095 296.994
0.243083 298.635
0.244071 300.268
0.245059 301.893
0.246047 303.51
0.247036 305.12
0.248024 306.722
0.249012 308.316
0.25 309.903
0.250988 311.483
0.251976 313.054
0.252964 314.618
0.253953 316.175
0.254941 317.724
0.255929 319.266
0.256917 320.8
0.257905 322.327
0.258893 323.846
0.259881 325.358
0.26087 326.862
0.261858 328.359
0.262846 329.849
0.263834 331.331
0.264822 332.806
0.26581 334.274
0.266798 335.734
0.267787 337.187
0.268775 338.633
0.269763 340.072
0.270751 341.503
0.271739 342.927
0.272727 344.344
0.273715 345.754
0.274704 347.157
0.275692 348.552
0.27668 349.941
0.277668 351.322
0.278656 352.696
0.279644 354.063
0.280632 355.423
0.281621 356.776
0.282609 358.122
0.283597 359.461
0.284585 360.793
0.285573 362.118
0.286561 363.436
0.287549 364.747
0.288538 366.051
0.289526 367.348
0.290514 368.638
0.291502 369.921
0.29249 371.198
0.293478 372.467
0.294466 373.73
0.295455 374.986
0.296443 376.235
0.297431 377.477
0.298419 378.712
0.299407 379.941
0.300395 381.162
0.301383 382.377
0.302372 383.585
0.30336 384.787
0.304348 385.982
0.305336 387.17
0.306324 388.351
0.307312 389.525
0.3083 390.693
0.309289 391.854
0.310277 393.009
0.311265 394.157
0.312253 395.298
0.313241 396.433
0.314229 397.561
0.315217 398.682
0.316206 399.797
0.317194 400.905
0.318182 402.007
0.31917 403.102
0.320158 404.19
0.321146 405.272
0.322134 406.348
0.323123 407.417
0.324111 408.479
0.325099 409.535
0.326087 410.584
0.327075 411.627
0.328063 412.664
0.329051 413.694
0.33004 414.717
0.331028 415.734
0.332016 416.745
0.333004 417.749
0.333992 418.747
0.33498 419.739
0.335968 420.724
0.336957 421.702
0.337945 422.675
0.338933 423.641
0.339921 424.6
0.340909 425.554
0.341897 426.5
0.342885 427.441
0.343874 428.375
0.344862 429.303
0.34585 430.225
0.346838 431.14
0.347826 432.049
0.348814 432.952
0.349802 433.849
0.350791 434.739
0.351779 435.623
0.352767 436.501
0.353755 437.372
0.354743 438.238
0.355731 439.097
0.356719 439.95
0.357708 440.796
0.358696 441.637
0.359684 442.471
0.360672 443.299
0.36166 444.121
0.362648 444.937
0.363636 445.746
0.364625 446.55
0.365613 447.347
0.366601 448.138
0.367589 448.923
0.368577 449.702
0.369565 450.475
0.370553 451.242
0.371542 452.002
0.37253 452.757
0.373518 453.505
0.374506 454.247
0.375494 454.983
0.376482 455.714
0.37747 456.438
0.378458 457.156
0.379447 457.868
0.380435 458.574
0.381423 459.273
0.382411 459.967
0.383399 460.655
0.384387 461.337
0.385375 462.013
0.386364 462.682
0.387352 463.346
0.38834 464.004
0.389328 464.656
0.390316 465.301
0.391304 465.941
0.392292 466.575
0.393281 467.203
0.394269 467.825
0.395257 468.44
0.396245 469.05
0.397233 469.654
0.398221 470.252
0.399209 470.844
0.400198 471.431
0.401186 472.011
0.402174 472.585
0.403162 473.153
0.40415 473.716
0.405138 474.272
0.406126 474.823
0.407115 475.368
0.408103 475.907
0.409091 476.44
0.410079 476.967
0.411067 477.488
0.412055 478.003
0.413043 478.512
0.414032 479.016
0.41502 479.514
0.416008 480.005
0.416996 480.491
0.417984 480.971
0.418972 481.445
0.41996 481.914
0.420949 482.376
0.421937 482.833
0.422925 483.284
0.423913 483.729
0.424901 484.168
0.425889 484.601
0.426877 485.029
0.427866 485.45
0.428854 485.866
0.429842 486.276
0.43083 486.681
0.431818 487.079
0.432806 487.472
0.433794 487.859
0.434783 488.24
0.435771 488.615
0.436759 488.984
0.437747 489.348
0.438735 489.706
0.439723 490.058
0.440711 490.404
0.4417 490.745
0.442688 491.079
0.443676 491.408
0.444664 491.732
0.445652 492.049
0.44664 492.361
0.447628 492.667
0.448617 492.967
0.449605 493.261
0.450593 493.55
0.451581 493.833
0.452569 494.11
0.453557 494.381
0.454545 494.647
0.455534 494.907
0.456522 495.161
0.45751 495.409
0.458498 495.652
0.459486 495.889
0.460474 496.12
0.461462 496.346
0.462451 496.565
0.463439 496.78
0.464427 496.988
0.465415 497.19
0.466403 497.387
0.467391 497.578
0.468379 497.764
0.469368 497.943
0.470356 498.117
0.471344 498.286
0.472332 498.448
0.47332 498.605
0.474308 498.756
0.475296 498.901
0.476285 499.041
0.477273 499.175
0.478261 499.303
0.479249 499.426
0.480237 499.543
0.481225 499.654
0.482213 499.759
0.483202 499.859
0.48419 499.953
0.485178 500.041
0.486166 500.124
0.487154 500.201
0.488142 500.272
0.48913 500.338
0.490119 500.398
0.491107 500.452
0.492095 500.5
0.493083 500.543
0.494071 500.58
0.495059 500.611
0.496047 500.637
0.497036 500.657
0.498024 500.671
0.499012 500.68
0.5 500.682
0.500988 500.68
0.501976 500.671
0.502964 500.657
0.503953 500.637
0.504941 500.611
0.505929 500.58
0.506917 500.543
0.507905 500.5
0.508893 500.452
0.509881 500.398
0.51087 500.338
0.511858 500.272
0.512846 500.201
0.513834 500.124
0.514822 500.041
0.51581 499.953
0.516798 499.859
0.517787 499.759
0.518775 499.654
0.519763 499.543
0.520751 499.426
0.521739 499.303
0.522727 499.175
0.523715 499.041
0.524704 498.901
0.525692 498.756
0.52668 498.605
0.527668 498.448
0.528656 498.286
0.529644 498.117
0.530632 497.943
0.531621 497.764
0.532609 497.578
0.533597 497.387
0.534585 497.19
0.535573 496.988
0.536561 496.78
0.537549 496.565
0.538538 496.346
0.539526 496.12
0.540514 495.889
0.541502 495.652
0.54249 495.409
0.543478 495.161
0.544466 494.907
0.545455 494.647
0.546443 494.381
0.547431 494.11
0.548419 493.833
0.549407 493.55
0.550395 493.261
0.551383 492.967
0.552372 492.667
0.55336 492.361
0.554348 492.049
0.555336 491.732
0.556324 491.408
0.557312 491.079
0.5583 490.745
0.559289 490.404
0.560277 490.058
0.561265 489.706
0.562253 489.348
0.563241 488.984
0.564229 488.615
0.565217 488.24
0.566206 487.859
0.567194 487.472
0.568182 487.079
0.56917 486.681
0.570158 486.276
0.571146 485.866
0.572134 485.45
0.573123 485.029
0.574111 484.601
0.575099 484.168
0.576087 483.729
0.577075 483.284
0.578063 482.833
0.579051 482.376
0.58004 481.914
0.581028 481.445
0.582016 480.971
0.583004 480.491
0.583992 480.005
0.58498 479.514
0.585968 479.016
0.586957 478.512
0.587945 478.003
0.588933 477.488
0.589921 476.967
0.590909 476.44
0.591897 475.907
0.592885 475.368
0.593874 474.823
0.594862 474.272
0.59585 473.716
0.596838 473.153
0.597826 472.585
0.598814 472.011
0.599802 471.431
0.600791 470.844
0.601779 470.252
0.602767 469.654
0.603755 469.05
0.604743 468.44
0.605731 467.825
0.606719 467.203
0.607708 466.575
0.608696 465.941
0.609684 465.301
0.610672 464.656
0.61166 464.004
0.612648 463.346
0.613636 462.682
0.614625 462.013
0.615613 461.337
0.616601 460.655
0.617589 459.967
0.618577 459.273
0.619565 458.574
0.620553 457.868
0.621542 457.156
0.62253 456.438
0.623518 455.714
0.624506 454.983
0.625494 454.247
0.626482 453.505
0.62747 452.757
0.628458 452.002
0.629447 451.242
0.630435 450.475
0.631423 449.702
0.632411 448.923
0.633399 448.138
0.634387 447.347
0.635375 446.55
0.636364 445.746
0.637352 444.937
0.63834 444.121
0.639328 443.299
0.640316 442.471
0.641304 441.637
0.642292 440.796
0.643281 439.95
0.644269 439.097
0.645257 438.238
0.646245 437.372
0.647233 436.501
0.648221 435.623
0.649209 434.739
0.650198 433.849
0.651186 432.952
0.652174 432.049
0.653162 431.14
0.65415 430.225
0.655138 429.303
0.656126 428.375
0.657115 427.441
0.658103 426.5
0.659091 425.554
0.660079 424.6
0.661067 423.641
0.662055 422.675
0.663043 421.702
0.664032 420.724
0.66502 419.739
0.666008 418.747
0.666996 417.749
0.667984 416.745
0.668972 415.734
0.66996 414.717
0.670949 413.694
0.671937 412.664
0.672925 411.627
0.673913 410.584
0.674901 409.535
0.675889 408.479
0.676877 407.417
0.677866 406.348
0.678854 405.272
0.679842 404.19
0.68083 403.102
0.681818 402.007
0.682806 400.905
0.683794 399.797
0.684783 398.682
0.685771 397.561
0.686759 396.433
0.687747 395.298
0.688735 394.157
0.689723 393.009
0.690711 391.854
0.6917 390.693
0.692688 389.525
0.693676 388.351
0.694664 387.17
0.695652 385.982
0.69664 384.787
0.697628 383.585
0.698617 382.377
0.699605 381.162
0.700593 379.941
0.701581 378.712
0.702569 377.477
0.703557 376.235
0.704545 374.986
0.705534 373.73
0.706522 372.467
0.70751 371.198
0.708498 369.921
0.709486 368.638
0.710474 367.348
0.711462 366.051
0.712451 364.747
0.713439 363.436
0.714427 362.118
0.715415 360.793
0.716403 359.461
0.717391 358.122
0.718379 356.776
0.719368 355.423
0.720356 354.063
0.721344 352.696
0.722332 351.322
0.72332 349.941
0.724308 348.552
0.725296 347.157
0.726285 345.754
0.727273 344.344
0.728261 342.927
0.729249 341.503
0.730237 340.072
0.731225 338.633
0.732213 337.187
0.733202 335.734
0.73419 334.274
0.735178 332.806
0.736166 331.331
0.737154 329.849
0.738142 328.359
0.73913 326.862
0.740119 325.358
0.741107 323.846
0.742095 322.326
0.743083 320.8
0.744071 319.266
0.745059 317.724
0.746047 316.175
0.747036 314.618
0.748024 313.054
0.749012 311.482
0.75 309.903
0.750988 308.316
0.751976 306.722
0.752964 305.12
0.753953 303.51
0.754941 301.893
0.755929 300.267
0.756917 298.635
0.757905 296.994
0.758893 295.346
0.759881 293.69
0.76087 292.026
0.761858 290.354
0.762846 288.674
0.763834 286.987
0.764822 285.292
0.76581 283.588
0.766798 281.877
0.767787 280.158
0.768775 278.431
0.769763 276.696
0.770751 274.953
0.771739 273.202
0.772727 271.442
0.773715 269.675
0.774704 267.899
0.775692 266.116
0.77668 264.324
0.777668 262.524
0.778656 260.716
0.779644 258.899
0.780632 257.074
0.781621 255.241
0.782609 253.4
0.783597 251.55
0.784585 249.692
0.785573 247.825
0.786561 245.95
0.787549 244.066
0.788538 242.174
0.789526 240.274
0.790514 238.365
0.791502 236.447
0.79249 234.521
0.793478 232.586
0.794466 230.642
0.795455 228.689
0.796443 226.728
0.797431 224.758
0.798419 222.78
0.799407 220.792
0.800395 218.796
0.801383 216.79
0.802372 214.776
0.80336 212.753
0.804348 210.721
0.805336 208.679
0.806324 206.629
0.807312 204.569
0.8083 202.501
0.809289 200.423
0.810277 198.336
0.811265 196.24
0.812253 194.134
0.813241 192.019
0.814229 189.895
0.815217 187.761
0.816206 185.618
0.817194 183.466
0.818182 181.303
0.81917 179.132
0.820158 176.951
0.821146 174.76
0.822134 172.559
0.823123 170.349
0.824111 168.129
0.825099 165.899
0.826087 163.659
0.827075 161.409
0.828063 159.15
0.829051 156.88
0.83004 154.6
0.831028 152.311
0.832016 150.011
0.833004 147.701
0.833992 145.381
0.83498 143.05
0.835968 140.709
0.836957 138.358
0.837945 135.997
0.838933 133.625
0.839921 131.242
0.840909 128.849
0.841897 126.445
0.842885 124.031
0.843874 121.605
0.844862 119.169
0.84585 116.723
0.846838 114.265
0.847826 111.796
0.848814 109.316
0.849802 106.826
0.850791 104.324
0.851779 101.81
0.852767 99.2861
0.853755 96.7503
0.854743 94.2032
0.855731 91.6447
0.856719 89.0746
0.857708 86.493
0.858696 83.8997
0.859684 81.2947
0.860672 78.6779
0.86166 76.0493
0.862648 73.4087
0.863636 70.7562
0.864625 68.0916
0.865613 65.4148
0.866601 62.7258
0.867589 60.0246
0.868577 57.3109
0.869565 54.5849
0.870553 51.8463
0.871542 49.0951
0.87253 46.3312
0.873518 43.5545
0.874506 40.7649
0.875494 37.9625
0.876482 35.147
0.87747 32.3183
0.878458 29.4765
0.879447 26.6213
0.880435 23.7528
0.881423 20.8708
0.882411 17.9751
0.883399 15.0658
0.884387 12.1427
0.885375 9.20572
0.886364 6.25474
0.887352 3.28966
0.88834 0.310369
0.889328 -2.68323
0.890316 -5.69126
0.891304 -8.71383
0.892292 -11.7511
0.893281 -14.803
0.894269 -17.8699
0.895257 -20.9518
0.896245 -24.0489
0.897233 -27.1612
0.898221 -30.2889
0.899209 -33.4321
0.900198 -36.591
0.901186 -39.7657
0.902174 -42.9563
0.903162 -46.163
0.90415 -49.3859
0.905138 -52.6252
0.906126 -55.881
0.907115 -59.1535
0.908103 -62.4428
0.909091 -65.7491
0.910079 -69.0726
0.911067 -72.4135
0.912055 -75.7718
0.913043 -79.1478
0.914032 -82.5417
0.91502 -85.9536
0.916008 -89.3838
0.916996 -92.8324
0.917984 -96.2996
0.918972 -99.7856
0.91996 -103.291
0.920949 -106.815
0.921937 -110.359
0.922925 -113.922
0.923913 -117.506
0.924901 -121.109
0.925889 -124.733
0.926877 -128.378
0.927866 -132.043
0.928854 -135.73
0.929842 -139.438
0.93083 -143.168
0.931818 -146.92
0.932806 -150.694
0.933794 -154.491
0.934783 -158.31
0.935771 -162.153
0.936759 -166.02
0.937747 -169.91
0.938735 -173.824
0.939723 -177.763
0.940711 -181.728
0.9417 -185.717
0.942688 -189.732
0.943676 -193.774
0.944664 -197.842
0.945652 -201.937
0.94664 -206.059
0.947628 -210.21
0.948617 -214.389
0.949605 -218.597
0.950593 -222.834
0.951581 -227.102
0.952569 -231.4
0.953557 -235.729
0.954545 -240.09
0.955534 -244.484
0.956522 -248.911
0.95751 -253.372
0.958498 -257.868
0.959486 -262.399
0.960474 -266.966
0.961462 -271.57
0.962451 -276.213
0.963439 -280.894
0.964427 -285.615
0.965415 -290.378
0.966403 -295.182
0.967391 -300.03
0.968379 -304.922
0.969368 -309.86
0.970356 -314.846
0.971344 -319.88
0.972332 -324.964
0.97332 -330.101
0.974308 -335.291
0.975296 -340.538
0.976285 -345.842
0.977273 -351.207
0.978261 -356.635
0.979249 -362.128
0.980237 -367.69
0.981225 -373.324
0.982213 -379.033
0.983202 -384.822
0.98419 -390.694
0.985178 -396.656
0.986166 -402.712
0.987154 -408.869
0.988142 -415.134
0.98913 -421.516
0.990119 -428.025
0.991107 -434.674
0.992095 -441.475
0.993083 -448.448
0.994071 -455.615
0.995059 -463.006
0.996047 -470.662
0.997036 -478.64
0.998024 -487.035
0.999012 -496.017
1 -506
------------
