k:540_n:1080_sigma:60_iters:1
Printing log2 count distribution: 
0 -104.048
0.000925926 -98.1412
0.00185185 -93.2585
0.00277778 -88.9855
0.0037037 -85.1526
0.00462963 -81.6672
0.00555556 -78.4708
0.00648148 -75.5233
0.00740741 -72.7953
0.00833333 -70.2648
0.00925926 -67.9143
0.0101852 -65.7299
0.0111111 -63.7002
0.012037 -61.8156
0.012963 -60.0684
0.0138889 -58.4517
0.0148148 -56.9599
0.0157407 -55.5879
0.0166667 -54.3316
0.0175926 -53.1872
0.0185185 -52.1516
0.0194444 -51.2219
0.0203704 -50.396
0.0212963 -49.6716
0.0222222 -49.0471
0.0231481 -48.521
0.0240741 -48.0922
0.025 -47.7596
0.0259259 -47.5225
0.0268519 -47.3803
0.0277778 -47.3326
0.0287037 -47.3784
0.0296296 -47.5161
0.0305556 -47.7392
0.0314815 -48.0275
0.0324074 -48.3171
0.0333333 -48.4466
0.0342593 -48.1827
0.0351852 -47.4852
0.0361111 -46.5608
0.037037 -45.5857
0.037963 -44.6328
0.0388889 -43.7243
0.0398148 -42.8658
0.0407407 -42.0586
0.0416667 -41.3026
0.0425926 -40.5973
0.0435185 -39.9425
0.0444444 -39.3376
0.0453704 -38.7824
0.0462963 -38.2764
0.0472222 -37.8195
0.0481481 -37.4112
0.0490741 -37.0513
0.05 -36.7394
0.0509259 -36.4751
0.0518519 -36.2577
0.0527778 -36.0857
0.0537037 -35.957
0.0546296 -35.867
0.0555556 -35.8069
0.0564815 -35.7603
0.0574074 -35.6984
0.0583333 -35.5773
0.0592593 -35.3463
0.0601852 -34.9728
0.0611111 -34.4647
0.062037 -33.8638
0.062963 -33.2177
0.0638889 -32.5617
0.0648148 -31.9171
0.0657407 -31.2951
0.0666667 -30.7012
0.0675926 -30.1381
0.0685185 -29.6069
0.0694444 -29.108
0.0703704 -28.6416
0.0712963 -28.2076
0.0722222 -27.8059
0.0731481 -27.4362
0.0740741 -27.0983
0.075 -26.7916
0.0759259 -26.5154
0.0768519 -26.2687
0.0777778 -26.0497
0.0787037 -25.8557
0.0796296 -25.6823
0.0805556 -25.5229
0.0814815 -25.3673
0.0824074 -25.2016
0.0833333 -25.008
0.0842593 -24.7676
0.0851852 -24.4656
0.0861111 -24.097
0.087037 -23.6681
0.087963 -23.1943
0.0888889 -22.6936
0.0898148 -22.1821
0.0907407 -21.6725
0.0916667 -21.1731
0.0925926 -20.6896
0.0935185 -20.2255
0.0944444 -19.7826
0.0953704 -19.3622
0.0962963 -18.9649
0.0972222 -18.5908
0.0981481 -18.24
0.0990741 -17.9122
0.1 -17.607
0.100926 -17.3236
0.101852 -17.0609
0.102778 -16.8173
0.103704 -16.5885
0.10463 -16.3579
0.105556 -16.0265
0.106481 -15.1284
0.107407 -13.0115
0.108333 -10.1653
0.109259 -7.16748
0.110185 -4.15796
0.111111 -1.15828
0.112037 1.82854
0.112963 4.80213
0.113889 7.76251
0.114815 10.7098
0.115741 13.644
0.116667 16.5653
0.117593 19.4737
0.118519 22.3693
0.119444 25.2522
0.12037 28.1225
0.121296 30.9803
0.122222 33.8256
0.123148 36.6585
0.124074 39.4792
0.125 42.2876
0.125926 45.0839
0.126852 47.8681
0.127778 50.6403
0.128704 53.4006
0.12963 56.149
0.130556 58.8857
0.131481 61.6106
0.132407 64.3239
0.133333 67.0257
0.134259 69.7159
0.135185 72.3946
0.136111 75.062
0.137037 77.7181
0.137963 80.363
0.138889 82.9966
0.139815 85.6191
0.140741 88.2306
0.141667 90.831
0.142593 93.4205
0.143519 95.9992
0.144444 98.567
0.14537 101.124
0.146296 103.67
0.147222 106.206
0.148148 108.731
0.149074 111.245
0.15 113.749
0.150926 116.243
0.151852 118.726
0.152778 121.199
0.153704 123.661
0.15463 126.114
0.155556 128.556
0.156481 130.988
0.157407 133.41
0.158333 135.822
0.159259 138.223
0.160185 140.615
0.161111 142.997
0.162037 145.369
0.162963 147.732
0.163889 150.084
0.164815 152.427
0.165741 154.76
0.166667 157.084
0.167593 159.398
0.168519 161.702
0.169444 163.997
0.17037 166.282
0.171296 168.558
0.172222 170.825
0.173148 173.082
0.174074 175.33
0.175 177.569
0.175926 179.798
0.176852 182.018
0.177778 184.229
0.178704 186.431
0.17963 188.624
0.180556 190.808
0.181481 192.983
0.182407 195.149
0.183333 197.305
0.184259 199.453
0.185185 201.593
0.186111 203.723
0.187037 205.844
0.187963 207.957
0.188889 210.061
0.189815 212.156
0.190741 214.243
0.191667 216.321
0.192593 218.39
0.193519 220.451
0.194444 222.504
0.19537 224.547
0.196296 226.583
0.197222 228.609
0.198148 230.628
0.199074 232.638
0.2 234.64
0.200926 236.633
0.201852 238.618
0.202778 240.595
0.203704 242.563
0.20463 244.523
0.205556 246.476
0.206481 248.42
0.207407 250.355
0.208333 252.283
0.209259 254.203
0.210185 256.114
0.211111 258.018
0.212037 259.913
0.212963 261.801
0.213889 263.68
0.214815 265.552
0.215741 267.416
0.216667 269.271
0.217593 271.119
0.218519 272.96
0.219444 274.792
0.22037 276.617
0.221296 278.433
0.222222 280.242
0.223148 282.044
0.224074 283.837
0.225 285.623
0.225926 287.402
0.226852 289.173
0.227778 290.936
0.228704 292.691
0.22963 294.439
0.230556 296.18
0.231481 297.912
0.232407 299.638
0.233333 301.356
0.234259 303.066
0.235185 304.769
0.236111 306.465
0.237037 308.153
0.237963 309.834
0.238889 311.508
0.239815 313.174
0.240741 314.833
0.241667 316.484
0.242593 318.129
0.243519 319.766
0.244444 321.395
0.24537 323.018
0.246296 324.633
0.247222 326.242
0.248148 327.843
0.249074 329.437
0.25 331.023
0.250926 332.603
0.251852 334.175
0.252778 335.741
0.253704 337.299
0.25463 338.851
0.255556 340.395
0.256481 341.932
0.257407 343.463
0.258333 344.986
0.259259 346.502
0.260185 348.012
0.261111 349.514
0.262037 351.01
0.262963 352.498
0.263889 353.98
0.264815 355.455
0.265741 356.923
0.266667 358.385
0.267593 359.839
0.268519 361.287
0.269444 362.727
0.27037 364.162
0.271296 365.589
0.272222 367.009
0.273148 368.423
0.274074 369.83
0.275 371.231
0.275926 372.624
0.276852 374.011
0.277778 375.392
0.278704 376.765
0.27963 378.133
0.280556 379.493
0.281481 380.847
0.282407 382.194
0.283333 383.535
0.284259 384.869
0.285185 386.196
0.286111 387.517
0.287037 388.832
0.287963 390.14
0.288889 391.441
0.289815 392.736
0.290741 394.025
0.291667 395.307
0.292593 396.582
0.293519 397.851
0.294444 399.114
0.29537 400.37
0.296296 401.62
0.297222 402.863
0.298148 404.1
0.299074 405.331
0.3 406.555
0.300926 407.773
0.301852 408.985
0.302778 410.19
0.303704 411.389
0.30463 412.582
0.305556 413.768
0.306481 414.948
0.307407 416.122
0.308333 417.289
0.309259 418.451
0.310185 419.606
0.311111 420.755
0.312037 421.897
0.312963 423.033
0.313889 424.164
0.314815 425.288
0.315741 426.405
0.316667 427.517
0.317593 428.622
0.318519 429.722
0.319444 430.815
0.32037 431.902
0.321296 432.982
0.322222 434.057
0.323148 435.126
0.324074 436.188
0.325 437.245
0.325926 438.295
0.326852 439.339
0.327778 440.378
0.328704 441.41
0.32963 442.436
0.330556 443.456
0.331481 444.47
0.332407 445.478
0.333333 446.48
0.334259 447.476
0.335185 448.466
0.336111 449.45
0.337037 450.428
0.337963 451.4
0.338889 452.366
0.339815 453.326
0.340741 454.28
0.341667 455.229
0.342593 456.171
0.343519 457.107
0.344444 458.038
0.34537 458.963
0.346296 459.881
0.347222 460.794
0.348148 461.701
0.349074 462.602
0.35 463.497
0.350926 464.386
0.351852 465.27
0.352778 466.147
0.353704 467.019
0.35463 467.885
0.355556 468.745
0.356481 469.599
0.357407 470.448
0.358333 471.29
0.359259 472.127
0.360185 472.958
0.361111 473.783
0.362037 474.603
0.362963 475.416
0.363889 476.224
0.364815 477.026
0.365741 477.823
0.366667 478.613
0.367593 479.398
0.368519 480.177
0.369444 480.951
0.37037 481.718
0.371296 482.48
0.372222 483.236
0.373148 483.987
0.374074 484.732
0.375 485.471
0.375926 486.204
0.376852 486.932
0.377778 487.654
0.378704 488.37
0.37963 489.081
0.380556 489.786
0.381481 490.485
0.382407 491.179
0.383333 491.867
0.384259 492.55
0.385185 493.226
0.386111 493.897
0.387037 494.563
0.387963 495.223
0.388889 495.877
0.389815 496.526
0.390741 497.169
0.391667 497.806
0.392593 498.438
0.393519 499.064
0.394444 499.685
0.39537 500.3
0.396296 500.909
0.397222 501.513
0.398148 502.112
0.399074 502.704
0.4 503.292
0.400926 503.873
0.401852 504.449
0.402778 505.02
0.403704 505.585
0.40463 506.144
0.405556 506.698
0.406481 507.246
0.407407 507.789
0.408333 508.327
0.409259 508.858
0.410185 509.385
0.411111 509.905
0.412037 510.421
0.412963 510.93
0.413889 511.434
0.414815 511.933
0.415741 512.426
0.416667 512.914
0.417593 513.396
0.418519 513.873
0.419444 514.344
0.42037 514.81
0.421296 515.27
0.422222 515.725
0.423148 516.175
0.424074 516.618
0.425 517.057
0.425926 517.49
0.426852 517.917
0.427778 518.339
0.428704 518.756
0.42963 519.167
0.430556 519.573
0.431481 519.973
0.432407 520.368
0.433333 520.757
0.434259 521.141
0.435185 521.52
0.436111 521.893
0.437037 522.26
0.437963 522.623
0.438889 522.979
0.439815 523.331
0.440741 523.677
0.441667 524.017
0.442593 524.353
0.443519 524.682
0.444444 525.007
0.44537 525.326
0.446296 525.639
0.447222 525.947
0.448148 526.25
0.449074 526.547
0.45 526.839
0.450926 527.126
0.451852 527.407
0.452778 527.683
0.453704 527.953
0.45463 528.218
0.455556 528.478
0.456481 528.732
0.457407 528.981
0.458333 529.224
0.459259 529.462
0.460185 529.695
0.461111 529.922
0.462037 530.144
0.462963 530.361
0.463889 530.572
0.464815 530.778
0.465741 530.979
0.466667 531.174
0.467593 531.363
0.468519 531.548
0.469444 531.727
0.47037 531.901
0.471296 532.069
0.472222 532.232
0.473148 532.39
0.474074 532.542
0.475 532.689
0.475926 532.83
0.476852 532.967
0.477778 533.098
0.478704 533.223
0.47963 533.343
0.480556 533.458
0.481481 533.568
0.482407 533.672
0.483333 533.771
0.484259 533.864
0.485185 533.952
0.486111 534.035
0.487037 534.112
0.487963 534.184
0.488889 534.251
0.489815 534.313
0.490741 534.369
0.491667 534.419
0.492593 534.465
0.493519 534.505
0.494444 534.539
0.49537 534.569
0.496296 534.593
0.497222 534.611
0.498148 534.625
0.499074 534.633
0.5 534.636
0.500926 534.633
0.501852 534.625
0.502778 534.611
0.503704 534.593
0.50463 534.569
0.505556 534.539
0.506481 534.505
0.507407 534.465
0.508333 534.419
0.509259 534.369
0.510185 534.313
0.511111 534.251
0.512037 534.184
0.512963 534.112
0.513889 534.035
0.514815 533.952
0.515741 533.864
0.516667 533.771
0.517593 533.672
0.518519 533.568
0.519444 533.458
0.52037 533.343
0.521296 533.223
0.522222 533.098
0.523148 532.967
0.524074 532.83
0.525 532.689
0.525926 532.542
0.526852 532.39
0.527778 532.232
0.528704 532.069
0.52963 531.901
0.530556 531.727
0.531481 531.548
0.532407 531.363
0.533333 531.174
0.534259 530.979
0.535185 530.778
0.536111 530.572
0.537037 530.361
0.537963 530.144
0.538889 529.922
0.539815 529.695
0.540741 529.462
0.541667 529.224
0.542593 528.981
0.543519 528.732
0.544444 528.478
0.54537 528.218
0.546296 527.953
0.547222 527.683
0.548148 527.407
0.549074 527.126
0.55 526.839
0.550926 526.547
0.551852 526.25
0.552778 525.947
0.553704 525.639
0.55463 525.326
0.555556 525.007
0.556481 524.682
0.557407 524.353
0.558333 524.017
0.559259 523.677
0.560185 523.331
0.561111 522.979
0.562037 522.623
0.562963 522.26
0.563889 521.893
0.564815 521.52
0.565741 521.141
0.566667 520.757
0.567593 520.368
0.568519 519.973
0.569444 519.573
0.57037 519.167
0.571296 518.756
0.572222 518.339
0.573148 517.917
0.574074 517.49
0.575 517.057
0.575926 516.618
0.576852 516.175
0.577778 515.725
0.578704 515.27
0.57963 514.81
0.580556 514.344
0.581481 513.873
0.582407 513.396
0.583333 512.914
0.584259 512.426
0.585185 511.933
0.586111 511.434
0.587037 510.93
0.587963 510.421
0.588889 509.905
0.589815 509.385
0.590741 508.858
0.591667 508.327
0.592593 507.789
0.593519 507.246
0.594444 506.698
0.59537 506.144
0.596296 505.585
0.597222 505.02
0.598148 504.449
0.599074 503.873
0.6 503.292
0.600926 502.704
0.601852 502.112
0.602778 501.513
0.603704 500.909
0.60463 500.3
0.605556 499.685
0.606481 499.064
0.607407 498.438
0.608333 497.806
0.609259 497.169
0.610185 496.526
0.611111 495.877
0.612037 495.223
0.612963 494.563
0.613889 493.897
0.614815 493.226
0.615741 492.55
0.616667 491.867
0.617593 491.179
0.618519 490.485
0.619444 489.786
0.62037 489.081
0.621296 488.37
0.622222 487.654
0.623148 486.932
0.624074 486.204
0.625 485.471
0.625926 484.732
0.626852 483.987
0.627778 483.236
0.628704 482.48
0.62963 481.718
0.630556 480.951
0.631481 480.177
0.632407 479.398
0.633333 478.613
0.634259 477.823
0.635185 477.026
0.636111 476.224
0.637037 475.416
0.637963 474.603
0.638889 473.783
0.639815 472.958
0.640741 472.127
0.641667 471.29
0.642593 470.448
0.643519 469.599
0.644444 468.745
0.64537 467.885
0.646296 467.019
0.647222 466.147
0.648148 465.27
0.649074 464.386
0.65 463.497
0.650926 462.602
0.651852 461.701
0.652778 460.794
0.653704 459.881
0.65463 458.963
0.655556 458.038
0.656481 457.107
0.657407 456.171
0.658333 455.229
0.659259 454.28
0.660185 453.326
0.661111 452.366
0.662037 451.4
0.662963 450.428
0.663889 449.45
0.664815 448.466
0.665741 447.476
0.666667 446.48
0.667593 445.478
0.668519 444.47
0.669444 443.456
0.67037 442.436
0.671296 441.41
0.672222 440.378
0.673148 439.339
0.674074 438.295
0.675 437.245
0.675926 436.188
0.676852 435.126
0.677778 434.057
0.678704 432.982
0.67963 431.902
0.680556 430.815
0.681481 429.722
0.682407 428.622
0.683333 427.517
0.684259 426.405
0.685185 425.288
0.686111 424.164
0.687037 423.033
0.687963 421.897
0.688889 420.755
0.689815 419.606
0.690741 418.451
0.691667 417.289
0.692593 416.122
0.693519 414.948
0.694444 413.768
0.69537 412.582
0.696296 411.389
0.697222 410.19
0.698148 408.985
0.699074 407.773
0.7 406.555
0.700926 405.331
0.701852 404.1
0.702778 402.863
0.703704 401.62
0.70463 400.37
0.705556 399.114
0.706481 397.851
0.707407 396.582
0.708333 395.307
0.709259 394.025
0.710185 392.736
0.711111 391.441
0.712037 390.14
0.712963 388.832
0.713889 387.517
0.714815 386.196
0.715741 384.869
0.716667 383.535
0.717593 382.194
0.718519 380.847
0.719444 379.493
0.72037 378.133
0.721296 376.765
0.722222 375.392
0.723148 374.011
0.724074 372.624
0.725 371.231
0.725926 369.83
0.726852 368.423
0.727778 367.009
0.728704 365.589
0.72963 364.162
0.730556 362.727
0.731481 361.287
0.732407 359.839
0.733333 358.385
0.734259 356.923
0.735185 355.455
0.736111 353.98
0.737037 352.498
0.737963 351.01
0.738889 349.514
0.739815 348.012
0.740741 346.502
0.741667 344.986
0.742593 343.463
0.743519 341.932
0.744444 340.395
0.74537 338.851
0.746296 337.299
0.747222 335.741
0.748148 334.175
0.749074 332.603
0.75 331.023
0.750926 329.437
0.751852 327.843
0.752778 326.242
0.753704 324.633
0.75463 323.018
0.755556 321.395
0.756481 319.766
0.757407 318.129
0.758333 316.484
0.759259 314.833
0.760185 313.174
0.761111 311.508
0.762037 309.834
0.762963 308.153
0.763889 306.465
0.764815 304.769
0.765741 303.066
0.766667 301.356
0.767593 299.638
0.768519 297.912
0.769444 296.18
0.77037 294.439
0.771296 292.691
0.772222 290.936
0.773148 289.173
0.774074 287.402
0.775 285.623
0.775926 283.837
0.776852 282.044
0.777778 280.242
0.778704 278.433
0.77963 276.617
0.780556 274.792
0.781481 272.96
0.782407 271.119
0.783333 269.271
0.784259 267.416
0.785185 265.552
0.786111 263.68
0.787037 261.801
0.787963 259.913
0.788889 258.018
0.789815 256.114
0.790741 254.203
0.791667 252.283
0.792593 250.355
0.793519 248.419
0.794444 246.476
0.79537 244.523
0.796296 242.563
0.797222 240.595
0.798148 238.618
0.799074 236.633
0.8 234.64
0.800926 232.638
0.801852 230.628
0.802778 228.609
0.803704 226.583
0.80463 224.547
0.805556 222.504
0.806481 220.451
0.807407 218.39
0.808333 216.321
0.809259 214.243
0.810185 212.156
0.811111 210.061
0.812037 207.957
0.812963 205.844
0.813889 203.723
0.814815 201.592
0.815741 199.453
0.816667 197.305
0.817593 195.148
0.818519 192.983
0.819444 190.808
0.82037 188.624
0.821296 186.431
0.822222 184.229
0.823148 182.018
0.824074 179.798
0.825 177.568
0.825926 175.33
0.826852 173.082
0.827778 170.825
0.828704 168.558
0.82963 166.282
0.830556 163.997
0.831481 161.702
0.832407 159.397
0.833333 157.083
0.834259 154.76
0.835185 152.427
0.836111 150.084
0.837037 147.731
0.837963 145.369
0.838889 142.997
0.839815 140.615
0.840741 138.223
0.841667 135.821
0.842593 133.409
0.843519 130.987
0.844444 128.555
0.84537 126.113
0.846296 123.661
0.847222 121.198
0.848148 118.725
0.849074 116.242
0.85 113.748
0.850926 111.244
0.851852 108.73
0.852778 106.205
0.853704 103.669
0.85463 101.122
0.855556 98.5653
0.856481 95.9974
0.857407 93.4186
0.858333 90.829
0.859259 88.2284
0.860185 85.6168
0.861111 82.9941
0.862037 80.3603
0.862963 77.7153
0.863889 75.059
0.864815 72.3914
0.865741 69.7124
0.866667 67.0219
0.867593 64.3199
0.868519 61.6064
0.869444 58.8811
0.87037 56.1442
0.871296 53.3954
0.872222 50.6348
0.873148 47.8622
0.874074 45.0776
0.875 42.2809
0.875926 39.472
0.876852 36.6508
0.877778 33.8174
0.878704 30.9715
0.87963 28.1132
0.880556 25.2422
0.881481 22.3586
0.882407 19.4623
0.883333 16.5531
0.884259 13.6311
0.885185 10.696
0.886111 7.7478
0.887037 4.78643
0.887963 1.81178
0.888889 -1.17625
0.889815 -4.17775
0.890741 -7.19282
0.891667 -10.2216
0.892593 -13.2641
0.893519 -16.3205
0.894444 -19.3909
0.89537 -22.4754
0.896296 -25.5741
0.897222 -28.6871
0.898148 -31.8145
0.899074 -34.9564
0.9 -38.1131
0.900926 -41.2845
0.901852 -44.4708
0.902778 -47.6721
0.903704 -50.8886
0.90463 -54.1204
0.905556 -57.3676
0.906481 -60.6303
0.907407 -63.9088
0.908333 -67.203
0.909259 -70.5132
0.910185 -73.8396
0.911111 -77.1822
0.912037 -80.5412
0.912963 -83.9168
0.913889 -87.3091
0.914815 -90.7183
0.915741 -94.1446
0.916667 -97.5881
0.917593 -101.049
0.918519 -104.527
0.919444 -108.024
0.92037 -111.538
0.921296 -115.07
0.922222 -118.621
0.923148 -122.19
0.924074 -125.778
0.925 -129.384
0.925926 -133.01
0.926852 -136.656
0.927778 -140.321
0.928704 -144.005
0.92963 -147.71
0.930556 -151.435
0.931481 -155.181
0.932407 -158.947
0.933333 -162.735
0.934259 -166.543
0.935185 -170.374
0.936111 -174.226
0.937037 -178.1
0.937963 -181.997
0.938889 -185.917
0.939815 -189.86
0.940741 -193.826
0.941667 -197.816
0.942593 -201.831
0.943519 -205.869
0.944444 -209.933
0.94537 -214.022
0.946296 -218.136
0.947222 -222.277
0.948148 -226.444
0.949074 -230.638
0.95 -234.86
0.950926 -239.109
0.951852 -243.387
0.952778 -247.693
0.953704 -252.029
0.95463 -256.395
0.955556 -260.792
0.956481 -265.219
0.957407 -269.679
0.958333 -274.171
0.959259 -278.696
0.960185 -283.254
0.961111 -287.848
0.962037 -292.476
0.962963 -297.141
0.963889 -301.843
0.964815 -306.583
0.965741 -311.361
0.966667 -316.18
0.967593 -321.039
0.968519 -325.941
0.969444 -330.885
0.97037 -335.874
0.971296 -340.909
0.972222 -345.991
0.973148 -351.122
0.974074 -356.303
0.975 -361.536
0.975926 -366.822
0.976852 -372.165
0.977778 -377.565
0.978704 -383.026
0.97963 -388.55
0.980556 -394.139
0.981481 -399.796
0.982407 -405.526
0.983333 -411.33
0.984259 -417.214
0.985185 -423.182
0.986111 -429.239
0.987037 -435.39
0.987963 -441.642
0.988889 -448.002
0.989815 -454.479
0.990741 -461.083
0.991667 -467.826
0.992593 -474.722
0.993519 -481.79
0.994444 -489.051
0.99537 -496.536
0.996296 -504.286
0.997222 -512.359
0.998148 -520.848
0.999074 -529.923
1 -540
------------
